1AA.01 1583.14,1277.9;1584.53,1271.96;1581.14,1271.16;1579.75,1277.1
1AA.03 1584.9,1270.44;1586.28,1264.5;1582.88,1263.71;1581.5,1269.65
1AA.05 1586.36,1264.15;1587.74,1258.21;1584.34,1257.42;1582.96,1263.36
1AA.07 1587.74,1258.17;1589.12,1252.23;1585.72,1251.44;1584.34,1257.38
1AA.09 1589.2,1251.88;1590.57,1245.94;1587.17,1245.15;1585.79,1251.09
1AA.11 1590.57,1245.9;1591.95,1239.96;1588.55,1239.17;1587.17,1245.11
1AA.13 1592.02,1239.61;1593.4,1233.67;1589.99,1232.88;1588.62,1238.82
1AA.15 1593.47,1233.32;1594.85,1227.37;1591.44,1226.59;1590.06,1232.53
1AA.17 1594.92,1227.02;1596.3,1221.08;1592.89,1220.29;1591.52,1226.24
1AA.19 1596.37,1220.73;1597.75,1214.79;1594.35,1214.0;1592.97,1219.94
1AA.21 1597.84,1214.44;1599.22,1208.5;1595.81,1207.71;1594.44,1213.65
1AA.23 1599.31,1208.15;1600.69,1202.21;1597.28,1201.42;1595.91,1207.36
1AA.25 1600.77,1201.86;1602.15,1195.92;1598.75,1195.13;1597.37,1201.08
1AA.27 1602.24,1195.57;1603.61,1189.63;1600.21,1188.84;1598.83,1194.79
1AA.29 1603.7,1189.28;1605.08,1183.34;1601.67,1182.55;1600.3,1188.5
1AA.31 1605.16,1182.99;1606.54,1177.05;1603.13,1176.26;1601.75,1182.2
1AA.33 1606.62,1176.7;1607.99,1170.76;1604.59,1169.97;1603.21,1175.91
1AA.35 1608.06,1170.41;1609.44,1164.47;1606.04,1163.68;1604.66,1169.62
1AA.37 1609.51,1164.12;1610.89,1158.17;1607.49,1157.38;1606.11,1163.33
1AA.39 1610.98,1157.83;1612.36,1151.88;1608.95,1151.09;1607.57,1157.04
1AA.41 1612.44,1151.54;1613.82,1145.59;1610.42,1144.8;1609.04,1150.75
1AA.43 1613.9,1145.24;1615.28,1139.3;1611.88,1138.51;1610.5,1144.46
1AA.45 1615.35,1138.95;1616.73,1133.01;1613.33,1132.22;1611.95,1138.16
1AA.47 1616.81,1132.66;1618.19,1126.72;1614.79,1125.93;1613.41,1131.87
1AA.49 1618.27,1126.37;1619.65,1120.43;1616.25,1119.64;1614.87,1125.58
1AA.51 1619.74,1120.08;1621.11,1114.14;1617.71,1113.35;1616.33,1119.29
1AA.53 1621.2,1113.79;1622.57,1107.85;1619.17,1107.06;1617.79,1113.0
1AA.55 1622.65,1107.5;1624.03,1101.56;1620.63,1100.77;1619.25,1106.71
1AA.57 1624.11,1101.21;1625.49,1095.26;1622.09,1094.48;1620.71,1100.42
1AA.59 1625.57,1094.92;1626.95,1088.97;1623.54,1088.18;1622.17,1094.13
1AA.61 1627.03,1088.62;1628.4,1082.68;1625.0,1081.89;1623.62,1087.83
1AA.63 1628.41,1082.65;1629.79,1076.71;1626.38,1075.92;1625.01,1081.86
1AA.65 1629.87,1076.36;1631.24,1070.41;1627.84,1069.62;1626.46,1075.57
1AA.67 1631.25,1070.38;1632.63,1064.44;1629.23,1063.65;1627.85,1069.59
1AA.69 1632.71,1064.09;1634.09,1058.15;1630.68,1057.36;1629.31,1063.3
1AA.71 1634.1,1058.11;1635.47,1052.17;1632.07,1051.38;1630.69,1057.32
1BA.01 1506.04,1610.57;1507.42,1604.63;1504.01,1603.84;1502.64,1609.78
1BA.03 1507.77,1603.11;1509.15,1597.17;1505.75,1596.38;1504.37,1602.32
1BA.05 1509.23,1596.82;1510.61,1590.88;1507.21,1590.09;1505.83,1596.03
1BA.07 1510.61,1590.84;1511.99,1584.9;1508.59,1584.11;1507.21,1590.05
1BA.09 1512.07,1584.55;1513.45,1578.61;1510.05,1577.82;1508.67,1583.76
1BA.11 1513.46,1578.58;1514.84,1572.63;1511.44,1571.85;1510.06,1577.79
1BA.13 1514.92,1572.29;1516.3,1566.34;1512.9,1565.55;1511.52,1571.5
1BA.15 1516.38,1566.0;1517.76,1560.05;1514.36,1559.26;1512.98,1565.21
1BA.17 1517.84,1559.7;1519.22,1553.76;1515.82,1552.97;1514.44,1558.92
1BA.19 1519.3,1553.41;1520.68,1547.47;1517.28,1546.68;1515.9,1552.62
1BA.21 1520.76,1547.12;1522.14,1541.18;1518.74,1540.39;1517.36,1546.33
1BA.23 1522.22,1540.83;1523.6,1534.89;1520.2,1534.1;1518.82,1540.04
1BA.25 1523.68,1534.54;1525.06,1528.6;1521.66,1527.81;1520.28,1533.75
1BA.27 1525.14,1528.25;1526.52,1522.31;1523.12,1521.52;1521.74,1527.46
1BA.29 1526.6,1521.96;1527.98,1516.02;1524.58,1515.23;1523.2,1521.17
1BA.31 1528.07,1515.67;1529.44,1509.73;1526.04,1508.94;1524.66,1514.88
1BA.33 1529.53,1509.38;1530.9,1503.44;1527.5,1502.65;1526.12,1508.59
1BA.35 1530.99,1503.09;1532.36,1497.15;1528.96,1496.36;1527.59,1502.3
1BA.37 1532.45,1496.8;1533.83,1490.86;1530.42,1490.07;1529.05,1496.01
1BA.39 1533.91,1490.51;1535.29,1484.56;1531.88,1483.78;1530.51,1489.72
1BA.41 1535.37,1484.22;1536.75,1478.27;1533.35,1477.48;1531.97,1483.43
1BA.43 1536.83,1477.93;1538.21,1471.98;1534.81,1471.19;1533.43,1477.14
1BA.45 1538.29,1471.63;1539.67,1465.69;1536.27,1464.9;1534.89,1470.85
1BA.47 1539.75,1465.34;1541.13,1459.4;1537.73,1458.61;1536.35,1464.55
1BA.49 1541.21,1459.05;1542.59,1453.11;1539.19,1452.32;1537.81,1458.26
1BA.51 1542.67,1452.76;1544.05,1446.82;1540.65,1446.03;1539.27,1451.97
1BA.53 1544.13,1446.47;1545.51,1440.53;1542.11,1439.74;1540.73,1445.68
1BA.55 1545.59,1440.18;1546.97,1434.24;1543.57,1433.45;1542.19,1439.39
1BA.57 1547.05,1433.89;1548.43,1427.95;1545.03,1427.16;1543.65,1433.1
1BA.59 1548.51,1427.6;1549.89,1421.66;1546.49,1420.87;1545.11,1426.81
1BA.61 1549.97,1421.31;1551.35,1415.37;1547.95,1414.58;1546.57,1420.52
1BA.63 1551.43,1415.02;1552.81,1409.08;1549.41,1408.29;1548.03,1414.23
1BA.65 1552.89,1408.73;1554.27,1402.79;1550.87,1402.0;1549.49,1407.94
1BA.67 1554.35,1402.44;1555.73,1396.49;1552.33,1395.71;1550.95,1401.65
1BA.69 1555.81,1396.15;1557.19,1390.2;1553.79,1389.41;1552.41,1395.36
1BA.71 1557.27,1389.86;1558.65,1383.91;1555.25,1383.12;1553.87,1389.07
1BA.73 1558.73,1383.56;1560.11,1377.62;1556.71,1376.83;1555.33,1382.78
1BA.75 1560.12,1377.59;1561.5,1371.65;1558.1,1370.86;1556.72,1376.8
1BA.77 1561.58,1371.3;1562.96,1365.36;1559.56,1364.57;1558.18,1370.51
1BA.79 1562.97,1365.32;1564.35,1359.38;1560.94,1358.59;1559.57,1364.53
1CA.01 1428.9,1943.04;1430.28,1937.09;1426.98,1936.33;1425.61,1942.27
1CA.03 1430.65,1935.58;1432.03,1929.64;1428.68,1928.86;1427.3,1934.8
1CA.05 1432.11,1929.29;1433.49,1923.35;1430.14,1922.57;1428.76,1928.51
1CA.07 1433.5,1923.32;1434.88,1917.38;1431.52,1916.6;1430.14,1922.54
1CA.09 1434.96,1917.03;1436.34,1911.08;1432.98,1910.3;1431.6,1916.25
1CA.11 1436.35,1911.05;1437.73,1905.11;1434.37,1904.33;1432.99,1910.27
1CA.13 1437.81,1904.76;1439.19,1898.82;1435.83,1898.04;1434.45,1903.98
1CA.15 1439.27,1898.47;1440.65,1892.53;1437.29,1891.75;1435.91,1897.69
1CA.17 1440.73,1892.18;1442.11,1886.24;1438.75,1885.46;1437.37,1891.4
1CA.19 1442.19,1885.89;1443.57,1879.95;1440.21,1879.17;1438.83,1885.11
1CA.21 1443.65,1879.6;1445.03,1873.66;1441.67,1872.88;1440.29,1878.82
1CA.23 1445.11,1873.31;1446.49,1867.36;1443.13,1866.58;1441.75,1872.53
1CA.25 1446.57,1867.02;1447.95,1861.07;1444.59,1860.29;1443.21,1866.24
1CA.27 1448.03,1860.72;1449.41,1854.78;1446.05,1854.0;1444.67,1859.94
1CA.29 1449.49,1854.43;1450.87,1848.49;1447.51,1847.71;1446.13,1853.65
1CA.31 1450.95,1848.14;1452.33,1842.2;1448.97,1841.42;1447.59,1847.36
1CA.33 1452.41,1841.85;1453.79,1835.91;1450.43,1835.13;1449.05,1841.07
1CA.35 1453.87,1835.56;1455.25,1829.62;1451.89,1828.84;1450.51,1834.78
1CA.37 1455.33,1829.27;1456.71,1823.33;1453.35,1822.55;1451.97,1828.49
1CA.39 1456.79,1822.98;1458.17,1817.04;1454.81,1816.26;1453.43,1822.2
1CA.41 1458.25,1816.69;1459.63,1810.75;1456.27,1809.97;1454.89,1815.91
1CA.43 1459.71,1810.4;1461.09,1804.46;1457.73,1803.68;1456.35,1809.62
1CA.45 1461.17,1804.11;1462.55,1798.17;1459.19,1797.39;1457.81,1803.33
1CA.47 1462.63,1797.82;1464.01,1791.88;1460.65,1791.1;1459.27,1797.04
1CA.49 1464.09,1791.53;1465.47,1785.58;1462.11,1784.8;1460.73,1790.75
1CA.51 1465.55,1785.24;1466.93,1779.29;1463.57,1778.51;1462.19,1784.46
1CA.53 1467.01,1778.94;1468.39,1773.0;1465.03,1772.22;1463.65,1778.16
1CA.55 1468.47,1772.65;1469.85,1766.71;1466.49,1765.93;1465.11,1771.87
1CA.57 1469.93,1766.36;1471.31,1760.42;1467.95,1759.64;1466.57,1765.58
1CA.59 1471.39,1760.07;1472.77,1754.13;1469.41,1753.35;1468.03,1759.29
1CA.61 1472.85,1753.78;1474.23,1747.84;1470.87,1747.06;1469.49,1753.0
1CA.63 1474.31,1747.49;1475.69,1741.55;1472.33,1740.77;1470.95,1746.71
1CA.65 1475.77,1741.2;1477.15,1735.26;1473.79,1734.48;1472.41,1740.42
1CA.67 1477.23,1734.91;1478.61,1728.97;1475.25,1728.19;1473.87,1734.13
1CA.69 1478.69,1728.62;1480.07,1722.68;1476.71,1721.9;1475.33,1727.84
1CA.71 1480.15,1722.33;1481.53,1716.39;1478.17,1715.61;1476.79,1721.55
1CA.73 1481.61,1716.04;1482.99,1710.09;1479.63,1709.31;1478.25,1715.26
1CA.75 1482.99,1710.06;1484.37,1704.12;1481.02,1703.34;1479.64,1709.28
1CA.77 1484.45,1703.77;1485.83,1697.83;1482.48,1697.05;1481.1,1702.99
2AA.01 1489.72,1256.38;1491.1,1250.44;1487.71,1249.65;1486.34,1255.59
2AA.03 1491.46,1248.92;1492.84,1242.98;1489.45,1242.19;1488.07,1248.13
2AA.05 1492.92,1242.63;1494.3,1236.69;1490.91,1235.9;1489.53,1241.84
2AA.07 1494.31,1236.65;1495.69,1230.71;1492.3,1229.93;1490.92,1235.87
2AA.09 1495.77,1230.36;1497.15,1224.42;1493.76,1223.63;1492.38,1229.58
2AA.11 1497.16,1224.39;1498.54,1218.45;1495.15,1217.66;1493.77,1223.6
2AA.13 1498.62,1218.1;1500.0,1212.15;1496.61,1211.37;1495.23,1217.31
2AA.15 1500.08,1211.81;1501.46,1205.86;1498.07,1205.08;1496.69,1211.02
2AA.17 1501.54,1205.51;1502.92,1199.57;1499.53,1198.79;1498.15,1204.73
2AA.19 1503.0,1199.22;1504.38,1193.28;1500.99,1192.5;1499.61,1198.44
2AA.21 1504.46,1192.93;1505.84,1186.99;1502.45,1186.2;1501.07,1192.15
2AA.23 1505.92,1186.64;1507.3,1180.7;1503.91,1179.91;1502.53,1185.86
2AA.25 1507.38,1180.35;1508.75,1174.41;1505.37,1173.62;1503.99,1179.56
2AA.27 1508.84,1174.06;1510.21,1168.12;1506.83,1167.33;1505.45,1173.27
2AA.29 1510.3,1167.77;1511.67,1161.83;1508.29,1161.04;1506.91,1166.98
2AA.31 1511.75,1161.48;1513.13,1155.54;1509.75,1154.75;1508.37,1160.69
2AA.33 1513.21,1155.19;1514.59,1149.25;1511.2,1148.46;1509.83,1154.4
2AA.35 1514.67,1148.9;1516.05,1142.95;1512.66,1142.17;1511.29,1148.11
2AA.37 1516.13,1142.61;1517.51,1136.66;1514.12,1135.88;1512.74,1141.82
2AA.39 1517.59,1136.32;1518.97,1130.37;1515.58,1129.59;1514.2,1135.53
2AA.41 1519.05,1130.02;1520.43,1124.08;1517.04,1123.3;1515.66,1129.24
2AA.43 1520.51,1123.73;1521.89,1117.79;1518.5,1117.0;1517.12,1122.95
2AA.45 1521.97,1117.44;1523.35,1111.5;1519.96,1110.71;1518.58,1116.66
2AA.47 1523.43,1111.15;1524.81,1105.21;1521.42,1104.42;1520.04,1110.37
2AA.49 1524.89,1104.86;1526.27,1098.92;1522.88,1098.13;1521.5,1104.07
2AA.51 1526.35,1098.57;1527.73,1092.63;1524.34,1091.84;1522.96,1097.78
2AA.53 1527.81,1092.28;1529.19,1086.34;1525.8,1085.55;1524.42,1091.49
2AA.55 1529.27,1085.99;1530.65,1080.05;1527.26,1079.26;1525.88,1085.2
2AA.57 1530.73,1079.7;1532.11,1073.76;1528.72,1072.97;1527.34,1078.91
2AA.59 1532.19,1073.41;1533.57,1067.46;1530.18,1066.68;1528.8,1072.62
2AA.61 1533.65,1067.12;1535.03,1061.17;1531.64,1060.39;1530.26,1066.33
2AA.63 1535.11,1060.82;1536.49,1054.88;1533.1,1054.1;1531.72,1060.04
2AA.65 1536.57,1054.53;1537.95,1048.59;1534.56,1047.81;1533.18,1053.75
2AA.67 1538.03,1048.24;1539.41,1042.3;1536.02,1041.51;1534.64,1047.46
2AA.69 1539.49,1041.95;1540.87,1036.01;1537.48,1035.22;1536.1,1041.17
2AA.71 1540.95,1035.66;1542.33,1029.72;1538.94,1028.93;1537.56,1034.87
2AA.73 1542.41,1029.37;1543.79,1023.43;1540.4,1022.64;1539.02,1028.58
2AA.75 1543.87,1023.08;1545.25,1017.14;1541.86,1016.35;1540.48,1022.29
2AA.77 1545.33,1016.79;1546.71,1010.85;1543.32,1010.06;1541.94,1016.0
2AA.79 1546.71,1010.81;1548.09,1004.87;1544.7,1004.08;1543.32,1010.03
2AA.81 1548.17,1004.52;1549.55,998.58;1546.16,997.79;1544.78,1003.74
2AA.83 1549.56,998.55;1550.94,992.6;1547.55,991.82;1546.17,997.76
2AA.85 1551.02,992.26;1552.4,986.31;1549.0,985.53;1547.63,991.47
2AA.87 1552.4,986.28;1553.78,980.34;1550.39,979.55;1549.01,985.49
2BA.01 1412.57,1588.81;1413.95,1582.86;1410.56,1582.08;1409.18,1588.02
2BA.03 1414.3,1581.35;1415.68,1575.41;1412.29,1574.62;1410.91,1580.56
2BA.05 1415.77,1575.06;1417.14,1569.11;1413.75,1568.33;1412.37,1574.27
2BA.07 1417.15,1569.08;1418.53,1563.14;1415.14,1562.35;1413.76,1568.29
2BA.09 1418.61,1562.79;1419.99,1556.85;1416.6,1556.06;1415.22,1562.0
2BA.11 1420.0,1556.82;1421.38,1550.87;1417.98,1550.09;1416.6,1556.03
2BA.13 1421.46,1550.52;1422.84,1544.58;1419.44,1543.79;1418.06,1549.74
2BA.15 1422.92,1544.23;1424.3,1538.29;1420.9,1537.5;1419.52,1543.45
2BA.17 1424.38,1537.94;1425.76,1532.0;1422.36,1531.21;1420.98,1537.15
2BA.19 1425.84,1531.65;1427.22,1525.71;1423.82,1524.92;1422.44,1530.86
2BA.21 1427.3,1525.36;1428.68,1519.42;1425.28,1518.63;1423.91,1524.57
2BA.23 1428.76,1519.07;1430.14,1513.13;1426.75,1512.34;1425.37,1518.28
2BA.25 1430.22,1512.78;1431.6,1506.84;1428.21,1506.05;1426.83,1511.99
2BA.27 1431.68,1506.49;1433.06,1500.55;1429.67,1499.76;1428.29,1505.7
2BA.29 1433.14,1500.2;1434.52,1494.26;1431.13,1493.47;1429.75,1499.41
2BA.31 1434.6,1493.91;1435.98,1487.97;1432.59,1487.18;1431.21,1493.12
2BA.33 1436.06,1487.62;1437.44,1481.68;1434.05,1480.89;1432.67,1486.83
2BA.35 1437.52,1481.33;1438.9,1475.39;1435.51,1474.6;1434.13,1480.54
2BA.37 1438.99,1475.04;1440.36,1469.09;1436.97,1468.31;1435.59,1474.25
2BA.39 1440.45,1468.75;1441.82,1462.8;1438.43,1462.02;1437.05,1467.96
2BA.41 1441.91,1462.46;1443.29,1456.51;1439.89,1455.72;1438.51,1461.67
2BA.43 1443.37,1456.16;1444.75,1450.22;1441.35,1449.43;1439.97,1455.38
2BA.45 1444.83,1449.87;1446.21,1443.93;1442.81,1443.14;1441.43,1449.09
2BA.47 1446.29,1443.58;1447.67,1437.64;1444.27,1436.85;1442.89,1442.79
2BA.49 1447.75,1437.29;1449.13,1431.35;1445.73,1430.56;1444.35,1436.5
2BA.51 1449.21,1431.0;1450.59,1425.06;1447.19,1424.27;1445.81,1430.21
2BA.53 1450.67,1424.71;1452.05,1418.77;1448.65,1417.98;1447.27,1423.92
2BA.55 1452.13,1418.42;1453.51,1412.48;1450.11,1411.69;1448.73,1417.63
2BA.57 1453.59,1412.13;1454.97,1406.19;1451.57,1405.4;1450.19,1411.34
2BA.59 1455.05,1405.84;1456.43,1399.9;1453.03,1399.11;1451.65,1405.05
2BA.61 1456.51,1399.55;1457.89,1393.61;1454.49,1392.82;1453.11,1398.76
2BA.63 1457.97,1393.26;1459.35,1387.32;1455.95,1386.53;1454.57,1392.47
2BA.65 1459.43,1386.97;1460.81,1381.02;1457.41,1380.24;1456.03,1386.18
2BA.67 1460.89,1380.68;1462.27,1374.73;1458.87,1373.95;1457.49,1379.89
2BA.69 1462.35,1374.39;1463.73,1368.44;1460.33,1367.65;1458.95,1373.6
2BA.71 1463.81,1368.09;1465.19,1362.15;1461.79,1361.36;1460.42,1367.31
2BA.73 1465.3,1361.81;1466.68,1355.87;1463.23,1355.07;1461.85,1361.01
2BA.75 1466.68,1355.83;1468.06,1349.89;1464.61,1349.09;1463.24,1355.03
2BA.77 1468.14,1349.54;1469.52,1343.6;1466.07,1342.8;1464.7,1348.74
2BA.79 1469.53,1343.57;1470.91,1337.62;1467.46,1336.83;1466.08,1342.77
2CA.01 1335.43,1921.31;1336.81,1915.37;1333.39,1914.58;1332.02,1920.52
2CA.03 1337.16,1913.85;1338.54,1907.91;1335.13,1907.12;1333.75,1913.06
2CA.05 1338.62,1907.56;1340.0,1901.62;1336.58,1900.83;1335.21,1906.77
2CA.07 1340.01,1901.59;1341.39,1895.65;1337.97,1894.85;1336.59,1900.8
2CA.09 1341.47,1895.3;1342.85,1889.36;1339.43,1888.56;1338.05,1894.51
2CA.11 1342.85,1889.32;1344.23,1883.38;1340.82,1882.59;1339.44,1888.53
2CA.13 1344.31,1883.03;1345.69,1877.09;1342.28,1876.3;1340.9,1882.24
2CA.15 1345.77,1876.74;1347.15,1870.8;1343.74,1870.01;1342.36,1875.95
2CA.17 1347.23,1870.45;1348.61,1864.51;1345.2,1863.72;1343.82,1869.66
2CA.19 1348.69,1864.16;1350.07,1858.22;1346.66,1857.42;1345.28,1863.37
2CA.21 1350.15,1857.87;1351.53,1851.93;1348.12,1851.13;1346.74,1857.08
2CA.23 1351.61,1851.58;1352.99,1845.63;1349.58,1844.84;1348.2,1850.78
2CA.25 1353.07,1845.29;1354.45,1839.34;1351.04,1838.55;1349.66,1844.49
2CA.27 1354.53,1839.0;1355.91,1833.05;1352.5,1832.26;1351.12,1838.2
2CA.29 1355.99,1832.7;1357.37,1826.76;1353.96,1825.97;1352.58,1831.91
2CA.31 1357.45,1826.41;1358.83,1820.47;1355.42,1819.68;1354.04,1825.62
2CA.33 1358.91,1820.12;1360.29,1814.18;1356.87,1813.39;1355.5,1819.33
2CA.35 1360.37,1813.83;1361.75,1807.89;1358.33,1807.1;1356.96,1813.04
2CA.37 1361.83,1807.54;1363.21,1801.6;1359.79,1800.81;1358.42,1806.75
2CA.39 1363.29,1801.25;1364.67,1795.31;1361.25,1794.52;1359.88,1800.46
2CA.41 1364.75,1794.96;1366.13,1789.02;1362.71,1788.22;1361.33,1794.17
2CA.43 1366.21,1788.67;1367.59,1782.73;1364.17,1781.93;1362.79,1787.88
2CA.45 1367.67,1782.38;1369.05,1776.44;1365.63,1775.64;1364.25,1781.59
2CA.47 1369.13,1776.09;1370.51,1770.14;1367.09,1769.35;1365.71,1775.29
2CA.49 1370.59,1769.8;1371.97,1763.85;1368.55,1763.06;1367.17,1769.0
2CA.51 1372.05,1763.5;1373.43,1757.56;1370.01,1756.77;1368.63,1762.71
2CA.53 1373.51,1757.21;1374.89,1751.27;1371.47,1750.48;1370.09,1756.42
2CA.55 1374.97,1750.92;1376.35,1744.98;1372.93,1744.19;1371.55,1750.13
2CA.57 1376.43,1744.63;1377.81,1738.69;1374.39,1737.9;1373.01,1743.84
2CA.59 1377.89,1738.34;1379.27,1732.4;1375.85,1731.61;1374.47,1737.55
2CA.61 1379.35,1732.05;1380.73,1726.11;1377.31,1725.32;1375.93,1731.26
2CA.63 1380.81,1725.76;1382.19,1719.82;1378.77,1719.03;1377.39,1724.97
2CA.65 1382.27,1719.47;1383.64,1713.53;1380.23,1712.73;1378.85,1718.68
2CA.67 1383.73,1713.18;1385.1,1707.24;1381.69,1706.44;1380.31,1712.39
2CA.69 1385.19,1706.89;1386.56,1700.94;1383.15,1700.15;1381.77,1706.09
2CA.71 1386.65,1700.6;1388.02,1694.65;1384.61,1693.86;1383.23,1699.8
2CA.73 1388.09,1694.3;1389.47,1688.36;1386.09,1687.57;1384.7,1693.52
2CA.75 1389.48,1688.33;1390.86,1682.39;1387.47,1681.6;1386.09,1687.54
2CA.77 1390.94,1682.04;1392.32,1676.1;1388.94,1675.31;1387.56,1681.25
2CA.79 1392.33,1676.06;1393.71,1670.12;1390.33,1669.33;1388.94,1675.28
3AA.01 1479.06,1253.91;1480.44,1247.97;1477.01,1247.17;1475.63,1253.11
3AA.03 1480.79,1246.45;1482.17,1240.51;1478.75,1239.71;1477.37,1245.65
3AA.05 1482.26,1240.16;1483.63,1234.22;1480.21,1233.42;1478.83,1239.36
3AA.07 1483.64,1234.18;1485.02,1228.24;1481.6,1227.45;1480.22,1233.39
3AA.09 1485.1,1227.89;1486.48,1221.95;1483.06,1221.16;1481.68,1227.1
3AA.11 1486.49,1221.92;1487.87,1215.98;1484.45,1215.18;1483.07,1221.12
3AA.13 1487.95,1215.63;1489.33,1209.68;1485.9,1208.89;1484.53,1214.83
3AA.15 1489.41,1209.34;1490.79,1203.39;1487.36,1202.6;1485.98,1208.54
3AA.17 1490.87,1203.04;1492.25,1197.1;1488.82,1196.31;1487.44,1202.25
3AA.19 1492.33,1196.75;1493.71,1190.81;1490.28,1190.02;1488.9,1195.96
3AA.21 1493.79,1190.46;1495.17,1184.52;1491.74,1183.73;1490.36,1189.67
3AA.23 1495.25,1184.17;1496.62,1178.23;1493.2,1177.44;1491.82,1183.38
3AA.25 1496.7,1177.88;1498.08,1171.94;1494.66,1171.14;1493.28,1177.09
3AA.27 1498.16,1171.59;1499.54,1165.65;1496.12,1164.85;1494.74,1170.8
3AA.29 1499.62,1165.3;1501.0,1159.36;1497.58,1158.56;1496.2,1164.5
3AA.31 1501.08,1159.01;1502.46,1153.07;1499.04,1152.27;1497.66,1158.21
3AA.33 1502.54,1152.72;1503.92,1146.77;1500.5,1145.98;1499.12,1151.92
3AA.35 1504.0,1146.43;1505.38,1140.48;1501.95,1139.69;1500.57,1145.63
3AA.37 1505.45,1140.13;1506.83,1134.19;1503.41,1133.4;1502.03,1139.34
3AA.39 1506.91,1133.84;1508.29,1127.9;1504.86,1127.1;1503.49,1133.05
3AA.41 1508.37,1127.55;1509.75,1121.61;1506.32,1120.81;1504.94,1126.76
3AA.43 1509.83,1121.26;1511.21,1115.32;1507.78,1114.52;1506.4,1120.46
3AA.45 1511.29,1114.97;1512.67,1109.03;1509.24,1108.23;1507.86,1114.17
3AA.47 1512.75,1108.68;1514.13,1102.74;1510.7,1101.94;1509.32,1107.88
3AA.49 1514.21,1102.39;1515.59,1096.45;1512.16,1095.65;1510.78,1101.59
3AA.51 1515.67,1096.1;1517.05,1090.15;1513.62,1089.36;1512.24,1095.3
3AA.53 1517.13,1089.81;1518.51,1083.86;1515.08,1083.07;1513.7,1089.01
3AA.55 1518.59,1083.51;1519.97,1077.57;1516.54,1076.78;1515.16,1082.72
3AA.57 1520.05,1077.22;1521.43,1071.28;1518.0,1070.49;1516.62,1076.43
3AA.59 1521.51,1070.93;1522.89,1064.99;1519.46,1064.2;1518.08,1070.14
3AA.61 1522.97,1064.64;1524.35,1058.7;1520.92,1057.91;1519.54,1063.85
3AA.63 1524.43,1058.35;1525.81,1052.41;1522.38,1051.62;1521.0,1057.56
3AA.65 1525.89,1052.06;1527.27,1046.12;1523.84,1045.32;1522.46,1051.27
3AA.67 1527.35,1045.77;1528.73,1039.83;1525.3,1039.03;1523.92,1044.98
3AA.69 1528.81,1039.48;1530.19,1033.54;1526.76,1032.74;1525.38,1038.68
3AA.71 1530.27,1033.19;1531.65,1027.25;1528.22,1026.45;1526.84,1032.39
3AA.73 1531.73,1026.9;1533.11,1020.96;1529.68,1020.16;1528.3,1026.1
3AA.75 1533.19,1020.61;1534.57,1014.67;1531.14,1013.87;1529.76,1019.81
3AA.77 1534.65,1014.32;1536.03,1008.37;1532.6,1007.58;1531.23,1013.52
3AA.79 1536.04,1008.34;1537.41,1002.4;1533.99,1001.6;1532.61,1007.55
3AA.81 1537.5,1002.05;1538.88,996.11;1535.45,995.31;1534.07,1001.26
3AA.83 1538.88,996.07;1540.26,990.13;1536.84,989.34;1535.46,995.28
3AA.85 1540.34,989.78;1541.71,983.84;1538.3,983.05;1536.92,988.99
3AA.87 1541.72,983.81;1543.1,977.86;1539.68,977.07;1538.3,983.01
3BA.01 1401.83,1586.35;1403.21,1580.41;1399.84,1579.63;1398.46,1585.57
3BA.03 1403.56,1578.89;1404.94,1572.95;1401.57,1572.17;1400.19,1578.11
3BA.05 1405.02,1572.6;1406.4,1566.66;1403.03,1565.88;1401.65,1571.82
3BA.07 1406.41,1566.63;1407.79,1560.69;1404.41,1559.9;1403.03,1565.84
3BA.09 1407.87,1560.34;1409.25,1554.39;1405.87,1553.61;1404.49,1559.55
3BA.11 1409.26,1554.36;1410.64,1548.42;1407.26,1547.64;1405.88,1553.58
3BA.13 1410.72,1548.07;1412.1,1542.13;1408.72,1541.34;1407.34,1547.29
3BA.15 1412.18,1541.78;1413.56,1535.84;1410.18,1535.05;1408.8,1541.0
3BA.17 1413.64,1535.49;1415.02,1529.55;1411.64,1528.76;1410.26,1534.71
3BA.19 1415.1,1529.2;1416.48,1523.26;1413.1,1522.47;1411.72,1528.41
3BA.21 1416.56,1522.91;1417.94,1516.97;1414.56,1516.18;1413.18,1522.12
3BA.23 1418.02,1516.62;1419.4,1510.68;1416.02,1509.89;1414.64,1515.83
3BA.25 1419.48,1510.33;1420.86,1504.38;1417.48,1503.6;1416.1,1509.54
3BA.27 1420.94,1504.04;1422.32,1498.09;1418.94,1497.31;1417.56,1503.25
3BA.29 1422.4,1497.75;1423.78,1491.8;1420.4,1491.02;1419.03,1496.96
3BA.31 1423.86,1491.45;1425.24,1485.51;1421.86,1484.73;1420.49,1490.67
3BA.33 1425.32,1485.16;1426.7,1479.22;1423.33,1478.44;1421.95,1484.38
3BA.35 1426.78,1478.87;1428.16,1472.93;1424.79,1472.15;1423.41,1478.09
3BA.37 1428.24,1472.58;1429.62,1466.64;1426.25,1465.86;1424.87,1471.8
3BA.39 1429.7,1466.29;1431.08,1460.35;1427.71,1459.57;1426.33,1465.51
3BA.41 1431.16,1460.0;1432.54,1454.06;1429.17,1453.27;1427.79,1459.22
3BA.43 1432.62,1453.71;1434.0,1447.77;1430.63,1446.98;1429.25,1452.93
3BA.45 1434.08,1447.42;1435.46,1441.48;1432.09,1440.69;1430.71,1446.64
3BA.47 1435.55,1441.13;1436.92,1435.19;1433.55,1434.4;1432.17,1440.34
3BA.49 1437.01,1434.84;1438.39,1428.9;1435.01,1428.11;1433.63,1434.05
3BA.51 1438.47,1428.55;1439.85,1422.61;1436.47,1421.82;1435.09,1427.76
3BA.53 1439.93,1422.26;1441.31,1416.31;1437.93,1415.53;1436.55,1421.47
3BA.55 1441.39,1415.97;1442.77,1410.02;1439.39,1409.24;1438.01,1415.18
3BA.57 1442.85,1409.67;1444.23,1403.73;1440.85,1402.95;1439.47,1408.89
3BA.59 1444.31,1403.38;1445.69,1397.44;1442.31,1396.66;1440.93,1402.6
3BA.61 1445.77,1397.09;1447.15,1391.15;1443.77,1390.37;1442.39,1396.31
3BA.63 1447.23,1390.8;1448.61,1384.86;1445.23,1384.08;1443.85,1390.02
3BA.65 1448.69,1384.51;1450.07,1378.57;1446.69,1377.79;1445.31,1383.73
3BA.67 1450.15,1378.22;1451.53,1372.28;1448.15,1371.5;1446.77,1377.44
3BA.69 1451.61,1371.93;1452.99,1365.99;1449.61,1365.2;1448.23,1371.15
3BA.71 1453.07,1365.64;1454.45,1359.7;1451.07,1358.91;1449.69,1364.86
3BA.73 1454.54,1359.35;1455.92,1353.41;1452.52,1352.62;1451.14,1358.56
3BA.75 1455.93,1353.38;1457.3,1347.43;1453.91,1346.65;1452.53,1352.59
3BA.77 1457.38,1347.08;1458.76,1341.14;1455.37,1340.35;1453.99,1346.3
3BA.79 1458.77,1341.11;1460.15,1335.17;1456.75,1334.38;1455.37,1340.32
3CA.01 1324.71,1918.88;1326.08,1912.94;1322.71,1912.16;1321.33,1918.1
3CA.03 1326.44,1911.42;1327.82,1905.48;1324.44,1904.7;1323.07,1910.64
3CA.05 1327.9,1905.13;1329.28,1899.19;1325.9,1898.41;1324.53,1904.35
3CA.07 1329.28,1899.16;1330.66,1893.21;1327.29,1892.43;1325.91,1898.37
3CA.09 1330.74,1892.86;1332.12,1886.92;1328.75,1886.14;1327.37,1892.08
3CA.11 1332.13,1886.89;1333.51,1880.95;1330.14,1880.16;1328.76,1886.11
3CA.13 1333.59,1880.6;1334.97,1874.66;1331.6,1873.87;1330.22,1879.82
3CA.15 1335.05,1874.31;1336.43,1868.37;1333.06,1867.58;1331.68,1873.53
3CA.17 1336.51,1868.02;1337.89,1862.07;1334.52,1861.29;1333.14,1867.23
3CA.19 1337.97,1861.73;1339.35,1855.78;1335.98,1855.0;1334.6,1860.94
3CA.21 1339.43,1855.43;1340.81,1849.49;1337.44,1848.71;1336.06,1854.65
3CA.23 1340.89,1849.14;1342.27,1843.2;1338.9,1842.42;1337.52,1848.36
3CA.25 1342.35,1842.85;1343.73,1836.91;1340.36,1836.13;1338.98,1842.07
3CA.27 1343.81,1836.56;1345.19,1830.62;1341.82,1829.84;1340.44,1835.78
3CA.29 1345.27,1830.27;1346.65,1824.33;1343.28,1823.55;1341.9,1829.49
3CA.31 1346.73,1823.98;1348.11,1818.04;1344.73,1817.26;1343.36,1823.2
3CA.33 1348.19,1817.69;1349.57,1811.75;1346.19,1810.97;1344.82,1816.91
3CA.35 1349.65,1811.4;1351.03,1805.46;1347.65,1804.67;1346.28,1810.62
3CA.37 1351.11,1805.11;1352.49,1799.17;1349.11,1798.38;1347.74,1804.33
3CA.39 1352.57,1798.82;1353.95,1792.88;1350.57,1792.09;1349.2,1798.03
3CA.41 1354.03,1792.53;1355.41,1786.58;1352.03,1785.8;1350.66,1791.74
3CA.43 1355.49,1786.24;1356.87,1780.29;1353.49,1779.51;1352.11,1785.45
3CA.45 1356.95,1779.94;1358.32,1774.0;1354.95,1773.22;1353.57,1779.16
3CA.47 1358.41,1773.65;1359.78,1767.71;1356.41,1766.93;1355.03,1772.87
3CA.49 1359.87,1767.36;1361.24,1761.42;1357.87,1760.64;1356.49,1766.58
3CA.51 1361.33,1761.07;1362.7,1755.13;1359.33,1754.35;1357.95,1760.29
3CA.53 1362.79,1754.78;1364.16,1748.84;1360.79,1748.06;1359.41,1754.0
3CA.55 1364.25,1748.49;1365.62,1742.55;1362.25,1741.77;1360.87,1747.71
3CA.57 1365.7,1742.2;1367.08,1736.26;1363.71,1735.48;1362.33,1741.42
3CA.59 1367.16,1735.91;1368.54,1729.97;1365.17,1729.18;1363.79,1735.13
3CA.61 1368.62,1729.62;1370.0,1723.68;1366.63,1722.89;1365.25,1728.84
3CA.63 1370.08,1723.33;1371.46,1717.38;1368.09,1716.6;1366.71,1722.54
3CA.65 1371.54,1717.04;1372.92,1711.09;1369.55,1710.31;1368.17,1716.25
3CA.67 1373.0,1710.75;1374.38,1704.8;1371.01,1704.02;1369.63,1709.96
3CA.69 1374.46,1704.45;1375.84,1698.51;1372.47,1697.73;1371.09,1703.67
3CA.71 1375.92,1698.16;1377.3,1692.22;1373.93,1691.44;1372.55,1697.38
3CA.73 1377.39,1691.87;1378.77,1685.93;1375.39,1685.15;1374.01,1691.09
3CA.75 1378.77,1685.9;1380.16,1679.96;1376.78,1679.17;1375.39,1685.11
3CA.77 1380.24,1679.61;1381.62,1673.67;1378.24,1672.88;1376.86,1678.82
3CA.79 1381.62,1673.63;1383.01,1667.69;1379.63,1666.91;1378.24,1672.85
4AA.01 1382.22,1231.41;1383.6,1225.47;1380.15,1224.67;1378.78,1230.61
4AA.03 1383.95,1223.95;1385.32,1218.01;1381.88,1217.21;1380.5,1223.15
4AA.05 1385.4,1217.66;1386.78,1211.71;1383.34,1210.92;1381.96,1216.86
4AA.07 1386.78,1211.68;1388.16,1205.74;1384.72,1204.94;1383.34,1210.88
4AA.09 1388.23,1205.39;1389.61,1199.44;1386.17,1198.65;1384.79,1204.59
4AA.11 1389.61,1199.41;1390.99,1193.47;1387.55,1192.67;1386.17,1198.61
4AA.13 1391.08,1193.12;1392.45,1187.18;1389.01,1186.38;1387.63,1192.32
4AA.15 1392.54,1186.83;1393.91,1180.89;1390.47,1180.09;1389.09,1186.03
4AA.17 1393.99,1180.54;1395.37,1174.6;1391.93,1173.8;1390.55,1179.74
4AA.19 1395.45,1174.25;1396.83,1168.3;1393.38,1167.51;1392.01,1173.45
4AA.21 1396.91,1167.95;1398.28,1162.01;1394.84,1161.21;1393.46,1167.16
4AA.23 1398.37,1161.66;1399.74,1155.72;1396.3,1154.92;1394.92,1160.87
4AA.25 1399.83,1155.37;1401.21,1149.43;1397.77,1148.63;1396.39,1154.58
4AA.27 1401.29,1149.08;1402.67,1143.14;1399.22,1142.34;1397.85,1148.29
4AA.29 1402.75,1142.79;1404.12,1136.85;1400.68,1136.05;1399.3,1141.99
4AA.31 1404.2,1136.5;1405.58,1130.56;1402.14,1129.76;1400.76,1135.7
4AA.33 1405.66,1130.21;1407.04,1124.27;1403.59,1123.47;1402.22,1129.41
4AA.35 1407.12,1123.92;1408.49,1117.97;1405.05,1117.18;1403.67,1123.12
4AA.37 1408.58,1117.63;1409.95,1111.68;1406.51,1110.89;1405.13,1116.83
4AA.39 1410.03,1111.33;1411.41,1105.39;1407.97,1104.59;1406.59,1110.54
4AA.41 1411.5,1105.04;1412.88,1099.1;1409.43,1098.3;1408.06,1104.25
4AA.43 1412.96,1098.75;1414.34,1092.81;1410.9,1092.01;1409.52,1097.96
4AA.45 1414.42,1092.46;1415.8,1086.52;1412.36,1085.72;1410.98,1091.67
4AA.47 1415.88,1086.17;1417.26,1080.23;1413.82,1079.43;1412.44,1085.38
4AA.49 1417.35,1079.88;1418.73,1073.94;1415.29,1073.14;1413.91,1079.09
4AA.51 1418.8,1073.59;1420.18,1067.65;1416.74,1066.85;1415.36,1072.79
4AA.53 1420.27,1067.3;1421.65,1061.36;1418.21,1060.56;1416.83,1066.51
4AA.55 1421.73,1061.01;1423.11,1055.07;1419.66,1054.27;1418.29,1060.21
4AA.57 1423.19,1054.72;1424.56,1048.78;1421.12,1047.98;1419.74,1053.92
4AA.59 1424.64,1048.43;1426.02,1042.49;1422.58,1041.69;1421.2,1047.63
4AA.61 1426.1,1042.14;1427.48,1036.2;1424.04,1035.4;1422.66,1041.34
4AA.63 1427.56,1035.85;1428.93,1029.9;1425.49,1029.11;1424.11,1035.05
4AA.65 1429.01,1029.55;1430.39,1023.61;1426.95,1022.81;1425.57,1028.76
4AA.67 1430.47,1023.26;1431.85,1017.32;1428.4,1016.52;1427.03,1022.46
4AA.69 1431.93,1016.97;1433.31,1011.03;1429.86,1010.23;1428.49,1016.17
4AA.71 1433.39,1010.68;1434.77,1004.74;1431.33,1003.94;1429.95,1009.88
4AA.73 1434.85,1004.39;1436.23,998.45;1432.79,997.65;1431.41,1003.59
4AA.75 1436.31,998.1;1437.69,992.16;1434.25,991.36;1432.87,997.3
4AA.77 1437.77,991.81;1439.15,985.87;1435.71,985.07;1434.33,991.01
4AA.79 1439.16,985.83;1440.54,979.89;1437.1,979.09;1435.72,985.04
4AA.81 1440.62,979.54;1442.0,973.6;1438.56,972.8;1437.18,978.75
4AA.83 1442.0,973.57;1443.38,967.62;1439.95,966.83;1438.58,972.77
4AA.85 1443.46,967.28;1444.84,961.33;1441.41,960.54;1440.03,966.48
4AA.87 1444.85,961.3;1446.22,955.36;1442.8,954.56;1441.42,960.51
4BA.01 1304.97,1563.84;1306.34,1557.9;1302.96,1557.11;1301.58,1563.05
4BA.03 1306.7,1556.38;1308.08,1550.44;1304.69,1549.65;1303.31,1555.59
4BA.05 1308.16,1550.09;1309.54,1544.15;1306.15,1543.36;1304.77,1549.3
4BA.07 1309.54,1544.11;1310.92,1538.17;1307.54,1537.39;1306.16,1543.33
4BA.09 1311.0,1537.82;1312.38,1531.88;1309.0,1531.09;1307.62,1537.04
4BA.11 1312.39,1531.85;1313.77,1525.91;1310.38,1525.12;1309.0,1531.06
4BA.13 1313.85,1525.56;1315.23,1519.61;1311.84,1518.83;1310.46,1524.77
4BA.15 1315.31,1519.27;1316.69,1513.32;1313.3,1512.54;1311.92,1518.48
4BA.17 1316.77,1512.97;1318.15,1507.03;1314.76,1506.25;1313.38,1512.19
4BA.19 1318.23,1506.68;1319.61,1500.74;1316.22,1499.96;1314.84,1505.9
4BA.21 1319.69,1500.39;1321.07,1494.45;1317.68,1493.67;1316.3,1499.61
4BA.23 1321.15,1494.1;1322.53,1488.16;1319.14,1487.37;1317.76,1493.32
4BA.25 1322.61,1487.81;1323.99,1481.87;1320.6,1481.08;1319.22,1487.03
4BA.27 1324.07,1481.52;1325.44,1475.58;1322.06,1474.79;1320.68,1480.73
4BA.29 1325.53,1475.23;1326.9,1469.29;1323.52,1468.5;1322.14,1474.44
4BA.31 1326.99,1468.94;1328.36,1463.0;1324.98,1462.21;1323.6,1468.15
4BA.33 1328.45,1462.65;1329.82,1456.71;1326.44,1455.92;1325.06,1461.86
4BA.35 1329.9,1456.36;1331.28,1450.41;1327.9,1449.63;1326.52,1455.57
4BA.37 1331.36,1450.07;1332.74,1444.12;1329.36,1443.34;1327.98,1449.28
4BA.39 1332.82,1443.77;1334.2,1437.83;1330.82,1437.05;1329.44,1442.99
4BA.41 1334.28,1437.48;1335.66,1431.54;1332.28,1430.76;1330.9,1436.7
4BA.43 1335.74,1431.19;1337.12,1425.25;1333.74,1424.47;1332.36,1430.41
4BA.45 1337.2,1424.9;1338.58,1418.96;1335.2,1418.17;1333.82,1424.12
4BA.47 1338.66,1418.61;1340.04,1412.67;1336.66,1411.88;1335.28,1417.83
4BA.49 1340.12,1412.32;1341.5,1406.38;1338.12,1405.59;1336.74,1411.54
4BA.51 1341.58,1406.03;1342.96,1400.09;1339.58,1399.3;1338.2,1405.24
4BA.53 1343.04,1399.74;1344.42,1393.8;1341.04,1393.01;1339.66,1398.95
4BA.55 1344.5,1393.45;1345.88,1387.51;1342.49,1386.72;1341.12,1392.66
4BA.57 1345.96,1387.16;1347.34,1381.21;1343.95,1380.43;1342.58,1386.37
4BA.59 1347.42,1380.87;1348.8,1374.92;1345.41,1374.14;1344.04,1380.08
4BA.61 1348.88,1374.58;1350.26,1368.63;1346.87,1367.85;1345.5,1373.79
4BA.63 1350.34,1368.28;1351.72,1362.34;1348.33,1361.56;1346.95,1367.5
4BA.65 1351.8,1361.99;1353.18,1356.05;1349.79,1355.27;1348.41,1361.21
4BA.67 1353.26,1355.7;1354.64,1349.76;1351.25,1348.98;1349.87,1354.92
4BA.69 1354.72,1349.41;1356.1,1343.47;1352.71,1342.68;1351.33,1348.63
4BA.71 1356.18,1343.12;1357.56,1337.18;1354.17,1336.39;1352.79,1342.34
4BA.73 1357.63,1336.83;1359.01,1330.89;1355.64,1330.1;1354.26,1336.05
4BA.75 1359.02,1330.85;1360.4,1324.91;1357.03,1324.13;1355.65,1330.07
4BA.77 1360.48,1324.56;1361.86,1318.62;1358.49,1317.84;1357.11,1323.78
4BA.79 1361.86,1318.59;1363.24,1312.65;1359.87,1311.86;1358.49,1317.8
4CA.01 1227.85,1896.35;1229.22,1890.41;1225.81,1889.62;1224.43,1895.56
4CA.03 1229.58,1888.89;1230.95,1882.95;1227.54,1882.16;1226.16,1888.1
4CA.05 1231.04,1882.6;1232.41,1876.66;1229.0,1875.86;1227.62,1881.81
4CA.07 1232.42,1876.62;1233.8,1870.68;1230.38,1869.89;1229.01,1875.83
4CA.09 1233.88,1870.33;1235.26,1864.39;1231.84,1863.6;1230.46,1869.54
4CA.11 1235.27,1864.36;1236.65,1858.42;1233.23,1857.62;1231.85,1863.57
4CA.13 1236.73,1858.07;1238.1,1852.12;1234.69,1851.33;1233.31,1857.27
4CA.15 1238.19,1851.78;1239.56,1845.83;1236.15,1845.04;1234.77,1850.98
4CA.17 1239.64,1845.48;1241.02,1839.54;1237.61,1838.75;1236.23,1844.69
4CA.19 1241.1,1839.19;1242.48,1833.25;1239.07,1832.46;1237.69,1838.4
4CA.21 1242.56,1832.9;1243.94,1826.96;1240.53,1826.17;1239.15,1832.11
4CA.23 1244.02,1826.61;1245.4,1820.67;1241.98,1819.88;1240.61,1825.82
4CA.25 1245.48,1820.32;1246.86,1814.38;1243.44,1813.59;1242.07,1819.53
4CA.27 1246.94,1814.03;1248.32,1808.09;1244.9,1807.3;1243.52,1813.24
4CA.29 1248.4,1807.74;1249.78,1801.8;1246.36,1801.0;1244.98,1806.95
4CA.31 1249.86,1801.45;1251.24,1795.51;1247.82,1794.71;1246.44,1800.66
4CA.33 1251.32,1795.16;1252.7,1789.21;1249.28,1788.42;1247.9,1794.36
4CA.35 1252.78,1788.87;1254.16,1782.92;1250.74,1782.13;1249.36,1788.07
4CA.37 1254.24,1782.57;1255.62,1776.63;1252.2,1775.84;1250.82,1781.78
4CA.39 1255.7,1776.28;1257.08,1770.34;1253.66,1769.55;1252.28,1775.49
4CA.41 1257.16,1769.99;1258.53,1764.05;1255.12,1763.26;1253.74,1769.2
4CA.43 1258.62,1763.7;1259.99,1757.76;1256.58,1756.97;1255.2,1762.91
4CA.45 1260.07,1757.41;1261.45,1751.47;1258.04,1750.68;1256.66,1756.62
4CA.47 1261.53,1751.12;1262.91,1745.18;1259.5,1744.39;1258.12,1750.33
4CA.49 1262.99,1744.83;1264.37,1738.89;1260.96,1738.09;1259.58,1744.04
4CA.51 1264.45,1738.54;1265.83,1732.6;1262.41,1731.8;1261.04,1737.75
4CA.53 1265.91,1732.25;1267.29,1726.31;1263.87,1725.51;1262.5,1731.45
4CA.55 1267.37,1725.96;1268.75,1720.01;1265.33,1719.22;1263.96,1725.16
4CA.57 1268.83,1719.67;1270.21,1713.72;1266.79,1712.93;1265.41,1718.87
4CA.59 1270.29,1713.37;1271.67,1707.43;1268.25,1706.64;1266.87,1712.58
4CA.61 1271.75,1707.08;1273.13,1701.14;1269.71,1700.35;1268.33,1706.29
4CA.63 1273.21,1700.79;1274.59,1694.85;1271.17,1694.06;1269.79,1700.0
4CA.65 1274.67,1694.5;1276.05,1688.56;1272.63,1687.77;1271.25,1693.71
4CA.67 1276.13,1688.21;1277.51,1682.27;1274.09,1681.48;1272.71,1687.42
4CA.69 1277.59,1681.92;1278.97,1675.98;1275.55,1675.18;1274.17,1681.13
4CA.71 1279.05,1675.63;1280.42,1669.69;1277.01,1668.89;1275.63,1674.84
4CA.73 1280.49,1669.33;1281.87,1663.39;1278.49,1662.61;1277.11,1668.55
4CA.75 1281.87,1663.36;1283.25,1657.42;1279.88,1656.63;1278.5,1662.57
4CA.77 1283.33,1657.07;1284.71,1651.13;1281.34,1650.34;1279.96,1656.28
4CA.79 1284.72,1651.09;1286.1,1645.15;1282.72,1644.37;1281.34,1650.31
5AA.01 1371.48,1228.91;1372.86,1222.96;1369.46,1222.18;1368.09,1228.12
5AA.03 1373.21,1221.45;1374.58,1215.5;1371.19,1214.72;1369.81,1220.66
5AA.05 1374.66,1215.15;1376.04,1209.21;1372.65,1208.43;1371.27,1214.37
5AA.07 1376.04,1209.18;1377.42,1203.24;1374.03,1202.45;1372.65,1208.39
5AA.09 1377.5,1202.89;1378.87,1196.94;1375.48,1196.16;1374.1,1202.1
5AA.11 1378.88,1196.91;1380.25,1190.97;1376.86,1190.18;1375.48,1196.12
5AA.13 1380.33,1190.62;1381.71,1184.67;1378.32,1183.89;1376.94,1189.83
5AA.15 1381.79,1184.33;1383.17,1178.38;1379.77,1177.6;1378.4,1183.54
5AA.17 1383.25,1178.03;1384.62,1172.09;1381.23,1171.31;1379.85,1177.25
5AA.19 1384.71,1171.74;1386.08,1165.8;1382.69,1165.01;1381.31,1170.96
5AA.21 1386.17,1165.45;1387.54,1159.51;1384.15,1158.72;1382.77,1164.67
5AA.23 1387.63,1159.16;1389.01,1153.22;1385.61,1152.43;1384.23,1158.38
5AA.25 1389.09,1152.87;1390.47,1146.93;1387.07,1146.14;1385.7,1152.09
5AA.27 1390.55,1146.58;1391.93,1140.64;1388.53,1139.85;1387.16,1145.79
5AA.29 1392.01,1140.29;1393.39,1134.35;1390.0,1133.56;1388.62,1139.5
5AA.31 1393.47,1134.0;1394.85,1128.06;1391.46,1127.27;1390.08,1133.21
5AA.33 1394.93,1127.71;1396.31,1121.77;1392.92,1120.98;1391.54,1126.92
5AA.35 1396.4,1121.42;1397.77,1115.48;1394.38,1114.69;1393.0,1120.63
5AA.37 1397.86,1115.13;1399.24,1109.19;1395.84,1108.4;1394.46,1114.34
5AA.39 1399.31,1108.84;1400.69,1102.9;1397.3,1102.11;1395.92,1108.05
5AA.41 1400.77,1102.55;1402.15,1096.6;1398.76,1095.82;1397.38,1101.76
5AA.43 1402.23,1096.25;1403.61,1090.31;1400.21,1089.53;1398.84,1095.47
5AA.45 1403.69,1089.96;1405.07,1084.02;1401.67,1083.23;1400.29,1089.18
5AA.47 1405.15,1083.67;1406.53,1077.73;1403.14,1076.94;1401.76,1082.89
5AA.49 1406.61,1077.38;1407.99,1071.44;1404.6,1070.65;1403.22,1076.6
5AA.51 1408.07,1071.09;1409.45,1065.15;1406.06,1064.36;1404.68,1070.31
5AA.53 1409.53,1064.8;1410.91,1058.86;1407.52,1058.07;1406.14,1064.01
5AA.55 1410.99,1058.51;1412.37,1052.57;1408.97,1051.78;1407.6,1057.72
5AA.57 1412.45,1052.22;1413.82,1046.28;1410.43,1045.49;1409.05,1051.43
5AA.59 1413.91,1045.93;1415.28,1039.98;1411.89,1039.2;1410.51,1045.14
5AA.61 1415.36,1039.64;1416.74,1033.69;1413.35,1032.91;1411.97,1038.85
5AA.63 1416.82,1033.34;1418.2,1027.4;1414.8,1026.62;1413.43,1032.56
5AA.65 1418.28,1027.05;1419.66,1021.11;1416.26,1020.32;1414.88,1026.27
5AA.67 1419.74,1020.76;1421.12,1014.82;1417.72,1014.03;1416.34,1019.98
5AA.69 1421.2,1014.47;1422.58,1008.53;1419.18,1007.74;1417.81,1013.69
5AA.71 1422.66,1008.18;1424.04,1002.24;1420.64,1001.45;1419.27,1007.39
5AA.73 1424.12,1001.89;1425.5,995.95;1422.1,995.16;1420.73,1001.1
5AA.75 1425.58,995.6;1426.96,989.66;1423.56,988.87;1422.18,994.81
5AA.77 1427.04,989.31;1428.41,983.37;1425.02,982.58;1423.64,988.52
5AA.79 1428.42,983.33;1429.8,977.39;1426.4,976.6;1425.03,982.55
5AA.81 1429.88,977.04;1431.26,971.1;1427.86,970.31;1426.49,976.25
5AA.83 1431.29,971.07;1432.66,965.13;1429.23,964.33;1427.85,970.27
5AA.85 1432.75,964.78;1434.13,958.84;1430.69,958.04;1429.31,963.98
5AA.87 1434.14,958.81;1435.51,952.86;1432.08,952.07;1430.7,958.01
5BA.01 1294.29,1561.38;1295.67,1555.44;1292.26,1554.65;1290.88,1560.59
5BA.03 1296.02,1553.92;1297.4,1547.98;1293.99,1547.19;1292.61,1553.13
5BA.05 1297.48,1547.63;1298.86,1541.69;1295.45,1540.9;1294.07,1546.84
5BA.07 1298.87,1541.65;1300.25,1535.71;1296.84,1534.92;1295.46,1540.86
5BA.09 1300.33,1535.36;1301.71,1529.42;1298.3,1528.63;1296.92,1534.57
5BA.11 1301.72,1529.39;1303.09,1523.45;1299.69,1522.66;1298.31,1528.6
5BA.13 1303.18,1523.1;1304.55,1517.16;1301.15,1516.36;1299.77,1522.31
5BA.15 1304.64,1516.81;1306.01,1510.86;1302.61,1510.07;1301.23,1516.02
5BA.17 1306.1,1510.52;1307.47,1504.57;1304.07,1503.78;1302.69,1509.73
5BA.19 1307.56,1504.23;1308.93,1498.28;1305.53,1497.49;1304.15,1503.43
5BA.21 1309.01,1497.93;1310.39,1491.99;1306.99,1491.2;1305.61,1497.14
5BA.23 1310.47,1491.64;1311.85,1485.7;1308.45,1484.91;1307.07,1490.85
5BA.25 1311.93,1485.35;1313.31,1479.41;1309.9,1478.62;1308.53,1484.56
5BA.27 1313.39,1479.06;1314.77,1473.12;1311.36,1472.33;1309.99,1478.27
5BA.29 1314.85,1472.77;1316.23,1466.83;1312.82,1466.04;1311.45,1471.98
5BA.31 1316.31,1466.48;1317.69,1460.54;1314.28,1459.75;1312.91,1465.69
5BA.33 1317.77,1460.19;1319.15,1454.25;1315.74,1453.46;1314.37,1459.4
5BA.35 1319.23,1453.9;1320.61,1447.96;1317.2,1447.17;1315.82,1453.11
5BA.37 1320.69,1447.61;1322.07,1441.67;1318.66,1440.87;1317.28,1446.82
5BA.39 1322.15,1441.32;1323.53,1435.37;1320.12,1434.58;1318.74,1440.53
5BA.41 1323.61,1435.03;1324.99,1429.08;1321.58,1428.29;1320.2,1434.24
5BA.43 1325.07,1428.74;1326.45,1422.79;1323.04,1422.0;1321.66,1427.94
5BA.45 1326.53,1422.44;1327.91,1416.5;1324.5,1415.71;1323.12,1421.65
5BA.47 1327.99,1416.15;1329.37,1410.21;1325.96,1409.42;1324.58,1415.36
5BA.49 1329.45,1409.86;1330.83,1403.92;1327.42,1403.13;1326.04,1409.07
5BA.51 1330.91,1403.57;1332.29,1397.63;1328.88,1396.84;1327.5,1402.78
5BA.53 1332.37,1397.28;1333.75,1391.34;1330.34,1390.55;1328.96,1396.49
5BA.55 1333.83,1390.99;1335.21,1385.05;1331.8,1384.26;1330.42,1390.2
5BA.57 1335.29,1384.7;1336.67,1378.76;1333.26,1377.97;1331.88,1383.91
5BA.59 1336.75,1378.41;1338.13,1372.47;1334.72,1371.68;1333.34,1377.62
5BA.61 1338.21,1372.12;1339.59,1366.18;1336.18,1365.38;1334.8,1371.33
5BA.63 1339.67,1365.83;1341.05,1359.88;1337.64,1359.09;1336.26,1365.04
5BA.65 1341.13,1359.54;1342.51,1353.59;1339.1,1352.8;1337.72,1358.74
5BA.67 1342.59,1353.24;1343.97,1347.3;1340.56,1346.51;1339.18,1352.45
5BA.69 1344.05,1346.95;1345.43,1341.01;1342.02,1340.22;1340.64,1346.16
5BA.71 1345.51,1340.66;1346.89,1334.72;1343.48,1333.93;1342.1,1339.87
5BA.73 1346.95,1334.37;1348.33,1328.43;1344.95,1327.64;1343.58,1333.58
5BA.75 1348.34,1328.39;1349.72,1322.45;1346.34,1321.67;1344.96,1327.61
5BA.77 1349.8,1322.1;1351.18,1316.16;1347.8,1315.38;1346.42,1321.32
5BA.79 1351.18,1316.13;1352.56,1310.18;1349.19,1309.4;1347.81,1315.34
5CA.01 1217.13,1893.92;1218.51,1887.98;1215.12,1887.19;1213.74,1893.14
5CA.03 1218.86,1886.46;1220.24,1880.52;1216.85,1879.73;1215.47,1885.68
5CA.05 1220.32,1880.17;1221.7,1874.23;1218.31,1873.44;1216.93,1879.39
5CA.07 1221.71,1874.2;1223.09,1868.25;1219.7,1867.47;1218.32,1873.41
5CA.09 1223.17,1867.91;1224.55,1861.96;1221.16,1861.18;1219.78,1867.12
5CA.11 1224.55,1861.93;1225.93,1855.99;1222.54,1855.2;1221.16,1861.14
5CA.13 1226.01,1855.64;1227.39,1849.7;1224.0,1848.91;1222.62,1854.85
5CA.15 1227.47,1849.35;1228.85,1843.41;1225.46,1842.62;1224.08,1848.56
5CA.17 1228.93,1843.06;1230.31,1837.12;1226.92,1836.33;1225.54,1842.27
5CA.19 1230.39,1836.77;1231.77,1830.82;1228.38,1830.04;1227.0,1835.98
5CA.21 1231.85,1830.48;1233.23,1824.53;1229.84,1823.75;1228.46,1829.69
5CA.23 1233.31,1824.18;1234.69,1818.24;1231.3,1817.46;1229.92,1823.4
5CA.25 1234.77,1817.89;1236.15,1811.95;1232.76,1811.17;1231.38,1817.11
5CA.27 1236.23,1811.6;1237.61,1805.66;1234.22,1804.87;1232.84,1810.82
5CA.29 1237.69,1805.31;1239.07,1799.37;1235.68,1798.58;1234.3,1804.53
5CA.31 1239.15,1799.02;1240.52,1793.08;1237.14,1792.29;1235.76,1798.23
5CA.33 1240.61,1792.73;1241.98,1786.79;1238.6,1786.0;1237.22,1791.94
5CA.35 1242.06,1786.44;1243.44,1780.5;1240.05,1779.71;1238.68,1785.65
5CA.37 1243.52,1780.15;1244.9,1774.21;1241.51,1773.42;1240.14,1779.36
5CA.39 1244.98,1773.86;1246.36,1767.91;1242.97,1767.13;1241.59,1773.07
5CA.41 1246.44,1767.57;1247.82,1761.62;1244.43,1760.84;1243.05,1766.78
5CA.43 1247.9,1761.28;1249.28,1755.33;1245.89,1754.55;1244.51,1760.49
5CA.45 1249.36,1754.98;1250.74,1749.04;1247.35,1748.26;1245.97,1754.2
5CA.47 1250.82,1748.69;1252.2,1742.75;1248.81,1741.96;1247.43,1747.91
5CA.49 1252.28,1742.4;1253.66,1736.46;1250.27,1735.67;1248.89,1741.62
5CA.51 1253.74,1736.11;1255.12,1730.17;1251.73,1729.38;1250.35,1735.32
5CA.53 1255.2,1729.82;1256.58,1723.88;1253.19,1723.09;1251.81,1729.03
5CA.55 1256.66,1723.53;1258.04,1717.59;1254.65,1716.8;1253.27,1722.74
5CA.57 1258.12,1717.24;1259.5,1711.3;1256.11,1710.51;1254.73,1716.45
5CA.59 1259.58,1710.95;1260.95,1705.01;1257.57,1704.22;1256.19,1710.16
5CA.61 1261.04,1704.66;1262.41,1698.71;1259.02,1697.93;1257.65,1703.87
5CA.63 1262.49,1698.37;1263.87,1692.42;1260.48,1691.64;1259.11,1697.58
5CA.65 1263.95,1692.07;1265.33,1686.13;1261.94,1685.35;1260.57,1691.29
5CA.67 1265.41,1685.78;1266.79,1679.84;1263.4,1679.06;1262.02,1685.0
5CA.69 1266.87,1679.49;1268.25,1673.55;1264.86,1672.76;1263.48,1678.71
5CA.71 1268.33,1673.2;1269.71,1667.26;1266.32,1666.47;1264.94,1672.42
5CA.73 1269.78,1666.91;1271.16,1660.97;1267.79,1660.18;1266.41,1666.13
5CA.75 1271.17,1660.93;1272.55,1654.99;1269.18,1654.21;1267.8,1660.15
5CA.77 1272.63,1654.64;1274.0,1648.7;1270.64,1647.92;1269.26,1653.86
5CA.79 1274.01,1648.67;1275.39,1642.72;1272.02,1641.94;1270.64,1647.88
6AA.01 1274.6,1206.37;1275.97,1200.43;1272.58,1199.64;1271.2,1205.58
6AA.03 1276.32,1198.91;1277.7,1192.97;1274.3,1192.18;1272.92,1198.12
6AA.05 1277.77,1192.62;1279.15,1186.67;1275.75,1185.89;1274.38,1191.83
6AA.07 1279.15,1186.64;1280.53,1180.7;1277.14,1179.91;1275.76,1185.85
6AA.09 1280.62,1180.35;1281.99,1174.41;1278.6,1173.62;1277.22,1179.56
6AA.11 1282.01,1174.38;1283.39,1168.43;1279.99,1167.65;1278.61,1173.59
6AA.13 1283.46,1168.08;1284.84,1162.14;1281.44,1161.35;1280.06,1167.3
6AA.15 1284.91,1161.79;1286.29,1155.85;1282.9,1155.06;1281.52,1161.0
6AA.17 1286.39,1155.5;1287.76,1149.56;1284.37,1148.77;1282.99,1154.72
6AA.19 1287.84,1149.21;1289.22,1143.27;1285.82,1142.48;1284.45,1148.42
6AA.21 1289.3,1142.92;1290.68,1136.98;1287.29,1136.19;1285.91,1142.13
6AA.23 1290.76,1136.63;1292.14,1130.69;1288.74,1129.9;1287.37,1135.84
6AA.25 1292.21,1130.34;1293.59,1124.4;1290.2,1123.61;1288.82,1129.55
6AA.27 1293.68,1124.05;1295.06,1118.11;1291.66,1117.32;1290.29,1123.26
6AA.29 1295.14,1117.76;1296.52,1111.82;1293.12,1111.03;1291.74,1116.97
6AA.31 1296.6,1111.47;1297.98,1105.53;1294.59,1104.74;1293.21,1110.68
6AA.33 1298.06,1105.18;1299.44,1099.24;1296.05,1098.45;1294.67,1104.39
6AA.35 1299.53,1098.89;1300.9,1092.94;1297.51,1092.16;1296.13,1098.1
6AA.37 1300.99,1092.6;1302.37,1086.65;1298.97,1085.87;1297.59,1091.81
6AA.39 1302.44,1086.3;1303.82,1080.36;1300.43,1079.57;1299.05,1085.52
6AA.41 1303.91,1080.01;1305.28,1074.07;1301.89,1073.28;1300.51,1079.23
6AA.43 1305.36,1073.72;1306.74,1067.78;1303.34,1066.99;1301.96,1072.93
6AA.45 1306.82,1067.43;1308.2,1061.49;1304.81,1060.7;1303.43,1066.64
6AA.47 1308.28,1061.14;1309.65,1055.2;1306.26,1054.41;1304.88,1060.35
6AA.49 1309.74,1054.85;1311.12,1048.91;1307.72,1048.12;1306.35,1054.06
6AA.51 1311.19,1048.56;1312.56,1042.61;1309.17,1041.83;1307.79,1047.77
6AA.53 1312.65,1042.27;1314.03,1036.32;1310.63,1035.54;1309.26,1041.48
6AA.55 1314.11,1035.98;1315.49,1030.03;1312.1,1029.25;1310.72,1035.19
6AA.57 1315.57,1029.68;1316.94,1023.74;1313.55,1022.95;1312.17,1028.9
6AA.59 1317.02,1023.39;1318.4,1017.45;1315.01,1016.66;1313.63,1022.6
6AA.61 1318.48,1017.1;1319.86,1011.16;1316.47,1010.37;1315.09,1016.31
6AA.63 1319.94,1010.81;1321.32,1004.87;1317.92,1004.08;1316.55,1010.02
6AA.65 1321.4,1004.52;1322.78,998.58;1319.38,997.79;1318.0,1003.73
6AA.67 1322.85,998.23;1324.23,992.28;1320.84,991.5;1319.46,997.44
6AA.69 1324.31,991.94;1325.69,985.99;1322.3,985.21;1320.92,991.15
6AA.71 1325.77,985.64;1327.14,979.7;1323.75,978.91;1322.37,984.86
6AA.73 1327.24,979.36;1328.62,973.41;1325.22,972.63;1323.84,978.57
6AA.75 1328.7,973.07;1330.08,967.12;1326.68,966.34;1325.31,972.28
6AA.77 1330.16,966.78;1331.54,960.83;1328.15,960.05;1326.77,965.99
6AA.79 1331.55,960.8;1332.92,954.86;1329.53,954.07;1328.15,960.01
6AA.81 1333.0,954.51;1334.38,948.57;1330.99,947.78;1329.61,953.72
6AA.83 1334.39,948.53;1335.77,942.59;1332.39,941.81;1331.01,947.75
6AA.85 1335.85,942.24;1337.23,936.3;1333.84,935.51;1332.46,941.46
6AA.87 1337.23,936.27;1338.61,930.32;1335.23,929.54;1333.85,935.48
6BA.01 1197.33,1538.87;1198.71,1532.93;1195.3,1532.14;1193.92,1538.08
6BA.03 1199.06,1531.41;1200.44,1525.47;1197.03,1524.68;1195.66,1530.62
6BA.05 1200.52,1525.12;1201.9,1519.18;1198.5,1518.39;1197.12,1524.33
6BA.07 1201.91,1519.15;1203.29,1513.21;1199.88,1512.42;1198.5,1518.36
6BA.09 1203.37,1512.86;1204.75,1506.92;1201.34,1506.13;1199.96,1512.07
6BA.11 1204.75,1506.88;1206.13,1500.94;1202.73,1500.15;1201.35,1506.09
6BA.13 1206.21,1500.59;1207.59,1494.65;1204.19,1493.86;1202.81,1499.8
6BA.15 1207.67,1494.3;1209.05,1488.36;1205.65,1487.57;1204.27,1493.51
6BA.17 1209.13,1488.01;1210.51,1482.07;1207.11,1481.28;1205.73,1487.22
6BA.19 1210.59,1481.72;1211.97,1475.78;1208.57,1474.99;1207.19,1480.93
6BA.21 1212.06,1475.43;1213.43,1469.49;1210.03,1468.7;1208.65,1474.64
6BA.23 1213.52,1469.14;1214.89,1463.2;1211.49,1462.41;1210.11,1468.35
6BA.25 1214.98,1462.85;1216.36,1456.91;1212.95,1456.12;1211.57,1462.06
6BA.27 1216.44,1456.56;1217.82,1450.62;1214.41,1449.83;1213.03,1455.77
6BA.29 1217.9,1450.27;1219.28,1444.32;1215.87,1443.53;1214.49,1449.48
6BA.31 1219.36,1443.98;1220.74,1438.03;1217.33,1437.24;1215.95,1443.19
6BA.33 1220.82,1437.69;1222.2,1431.74;1218.79,1430.95;1217.41,1436.9
6BA.35 1222.28,1431.39;1223.66,1425.45;1220.25,1424.66;1218.87,1430.6
6BA.37 1223.74,1425.1;1225.12,1419.16;1221.71,1418.37;1220.33,1424.31
6BA.39 1225.2,1418.81;1226.58,1412.87;1223.17,1412.08;1221.79,1418.02
6BA.41 1226.66,1412.52;1228.04,1406.58;1224.63,1405.79;1223.25,1411.73
6BA.43 1228.12,1406.23;1229.5,1400.29;1226.09,1399.5;1224.71,1405.44
6BA.45 1229.58,1399.94;1230.96,1394.0;1227.55,1393.21;1226.18,1399.15
6BA.47 1231.04,1393.65;1232.42,1387.71;1229.01,1386.92;1227.64,1392.86
6BA.49 1232.5,1387.36;1233.88,1381.42;1230.48,1380.63;1229.1,1386.57
6BA.51 1233.96,1381.07;1235.34,1375.13;1231.94,1374.34;1230.56,1380.28
6BA.53 1235.42,1374.78;1236.8,1368.84;1233.4,1368.05;1232.02,1373.99
6BA.55 1236.88,1368.49;1238.26,1362.55;1234.86,1361.76;1233.48,1367.7
6BA.57 1238.34,1362.2;1239.72,1356.25;1236.32,1355.46;1234.94,1361.41
6BA.59 1239.8,1355.91;1241.18,1349.96;1237.78,1349.17;1236.4,1355.12
6BA.61 1241.26,1349.61;1242.64,1343.67;1239.24,1342.88;1237.86,1348.82
6BA.63 1242.72,1343.32;1244.1,1337.38;1240.7,1336.59;1239.32,1342.53
6BA.65 1244.18,1337.03;1245.56,1331.09;1242.16,1330.3;1240.78,1336.24
6BA.67 1245.64,1330.74;1247.02,1324.8;1243.62,1324.01;1242.24,1329.95
6BA.69 1247.1,1324.45;1248.48,1318.51;1245.08,1317.72;1243.7,1323.66
6BA.71 1248.56,1318.16;1249.94,1312.22;1246.54,1311.43;1245.16,1317.37
6BA.73 1250.02,1311.87;1251.4,1305.93;1248.0,1305.14;1246.62,1311.08
6BA.75 1251.41,1305.9;1252.79,1299.95;1249.39,1299.16;1248.01,1305.11
6BA.77 1252.87,1299.6;1254.25,1293.66;1250.85,1292.87;1249.47,1298.81
6BA.79 1254.26,1293.63;1255.64,1287.69;1252.23,1286.9;1250.85,1292.84
6CA.01 1120.23,1871.44;1121.61,1865.5;1118.23,1864.71;1116.85,1870.65
6CA.03 1121.96,1863.98;1123.34,1858.04;1119.96,1857.25;1118.58,1863.19
6CA.05 1123.42,1857.69;1124.8,1851.75;1121.42,1850.96;1120.04,1856.9
6CA.07 1124.81,1851.71;1126.19,1845.77;1122.81,1844.99;1121.43,1850.93
6CA.09 1126.27,1845.42;1127.65,1839.48;1124.26,1838.7;1122.89,1844.64
6CA.11 1127.65,1839.45;1129.03,1833.5;1125.65,1832.72;1124.27,1838.66
6CA.13 1129.11,1833.16;1130.49,1827.21;1127.11,1826.43;1125.73,1832.37
6CA.15 1130.57,1826.86;1131.95,1820.92;1128.57,1820.14;1127.19,1826.08
6CA.17 1132.03,1820.57;1133.41,1814.63;1130.03,1813.85;1128.65,1819.79
6CA.19 1133.49,1814.28;1134.87,1808.34;1131.49,1807.56;1130.11,1813.5
6CA.21 1134.95,1807.99;1136.33,1802.05;1132.95,1801.26;1131.57,1807.21
6CA.23 1136.41,1801.7;1137.79,1795.76;1134.41,1794.97;1133.03,1800.92
6CA.25 1137.87,1795.41;1139.25,1789.47;1135.86,1788.68;1134.49,1794.62
6CA.27 1139.33,1789.12;1140.7,1783.18;1137.32,1782.39;1135.95,1788.33
6CA.29 1140.79,1782.83;1142.16,1776.88;1138.78,1776.1;1137.4,1782.04
6CA.31 1142.24,1776.54;1143.62,1770.59;1140.24,1769.81;1138.86,1775.75
6CA.33 1143.7,1770.25;1145.08,1764.3;1141.7,1763.52;1140.32,1769.46
6CA.35 1145.16,1763.95;1146.54,1758.01;1143.16,1757.23;1141.78,1763.17
6CA.37 1146.62,1757.66;1148.0,1751.72;1144.62,1750.94;1143.24,1756.88
6CA.39 1148.08,1751.37;1149.46,1745.43;1146.08,1744.65;1144.7,1750.59
6CA.41 1149.54,1745.08;1150.92,1739.14;1147.54,1738.35;1146.16,1744.3
6CA.43 1151.0,1738.79;1152.38,1732.85;1149.0,1732.06;1147.62,1738.01
6CA.45 1152.46,1732.5;1153.84,1726.56;1150.45,1725.77;1149.08,1731.71
6CA.47 1153.92,1726.21;1155.3,1720.27;1151.91,1719.48;1150.54,1725.42
6CA.49 1155.38,1719.92;1156.75,1713.97;1153.37,1713.19;1151.99,1719.13
6CA.51 1156.84,1713.63;1158.21,1707.68;1154.83,1706.9;1153.45,1712.84
6CA.53 1158.29,1707.33;1159.67,1701.39;1156.29,1700.61;1154.91,1706.55
6CA.55 1159.75,1701.04;1161.13,1695.1;1157.75,1694.32;1156.37,1700.26
6CA.57 1161.21,1694.75;1162.59,1688.81;1159.21,1688.03;1157.83,1693.97
6CA.59 1162.67,1688.46;1164.05,1682.52;1160.67,1681.74;1159.29,1687.68
6CA.61 1164.13,1682.17;1165.51,1676.23;1162.13,1675.44;1160.75,1681.39
6CA.63 1165.59,1675.88;1166.97,1669.94;1163.59,1669.15;1162.21,1675.1
6CA.65 1167.05,1669.59;1168.43,1663.65;1165.05,1662.86;1163.67,1668.8
6CA.67 1168.51,1663.3;1169.89,1657.36;1166.5,1656.57;1165.13,1662.51
6CA.69 1169.97,1657.01;1171.35,1651.06;1167.96,1650.28;1166.59,1656.22
6CA.71 1171.43,1650.72;1172.8,1644.77;1169.42,1643.99;1168.04,1649.93
6CA.73 1172.9,1644.43;1174.28,1638.49;1170.87,1637.7;1169.49,1643.64
6CA.75 1174.28,1638.45;1175.66,1632.51;1172.26,1631.72;1170.88,1637.66
6CA.77 1175.74,1632.16;1177.12,1626.22;1173.72,1625.43;1172.34,1631.37
6CA.79 1177.13,1626.19;1178.51,1620.24;1175.1,1619.45;1173.72,1625.4
7AA.01 1263.88,1203.88;1265.26,1197.94;1261.87,1197.15;1260.49,1203.09
7AA.03 1265.61,1196.42;1266.99,1190.48;1263.6,1189.69;1262.22,1195.63
7AA.05 1267.06,1190.12;1268.43,1184.18;1265.04,1183.4;1263.66,1189.34
7AA.07 1268.45,1184.15;1269.83,1178.21;1266.44,1177.42;1265.06,1183.36
7AA.09 1269.91,1177.86;1271.29,1171.92;1267.9,1171.13;1266.52,1177.07
7AA.11 1271.3,1171.88;1272.67,1165.94;1269.28,1165.16;1267.9,1171.1
7AA.13 1272.75,1165.59;1274.13,1159.65;1270.74,1158.86;1269.36,1164.81
7AA.15 1274.21,1159.3;1275.59,1153.36;1272.19,1152.57;1270.81,1158.51
7AA.17 1275.67,1153.01;1277.05,1147.07;1273.66,1146.28;1272.28,1152.22
7AA.19 1277.13,1146.72;1278.51,1140.78;1275.11,1139.99;1273.74,1145.93
7AA.21 1278.6,1140.43;1279.97,1134.49;1276.58,1133.7;1275.2,1139.64
7AA.23 1280.05,1134.14;1281.43,1128.2;1278.04,1127.41;1276.66,1133.35
7AA.25 1281.51,1127.85;1282.89,1121.91;1279.49,1121.12;1278.12,1127.06
7AA.27 1282.97,1121.56;1284.35,1115.61;1280.95,1114.83;1279.57,1120.77
7AA.29 1284.42,1115.27;1285.8,1109.32;1282.41,1108.54;1281.03,1114.48
7AA.31 1285.89,1108.98;1287.27,1103.03;1283.87,1102.25;1282.5,1108.19
7AA.33 1287.35,1102.68;1288.72,1096.74;1285.33,1095.95;1283.95,1101.9
7AA.35 1288.81,1096.4;1290.19,1090.45;1286.8,1089.67;1285.42,1095.61
7AA.37 1290.27,1090.1;1291.65,1084.16;1288.26,1083.37;1286.88,1089.32
7AA.39 1291.74,1083.81;1293.11,1077.87;1289.72,1077.08;1288.34,1083.03
7AA.41 1293.2,1077.52;1294.58,1071.58;1291.18,1070.79;1289.8,1076.74
7AA.43 1294.65,1071.23;1296.03,1065.29;1292.63,1064.5;1291.25,1070.44
7AA.45 1296.1,1064.94;1297.48,1059.0;1294.09,1058.21;1292.71,1064.15
7AA.47 1297.57,1058.65;1298.95,1052.71;1295.55,1051.92;1294.17,1057.86
7AA.49 1299.03,1052.36;1300.41,1046.42;1297.02,1045.63;1295.64,1051.57
7AA.51 1300.49,1046.07;1301.87,1040.13;1298.48,1039.34;1297.1,1045.28
7AA.53 1301.92,1039.77;1303.3,1033.83;1299.91,1033.04;1298.53,1038.98
7AA.55 1303.39,1033.48;1304.77,1027.54;1301.38,1026.75;1300.0,1032.69
7AA.57 1304.84,1027.19;1306.22,1021.25;1302.82,1020.46;1301.45,1026.4
7AA.59 1306.3,1020.9;1307.68,1014.96;1304.29,1014.17;1302.91,1020.11
7AA.61 1307.76,1014.61;1309.14,1008.66;1305.74,1007.88;1304.36,1013.82
7AA.63 1309.21,1008.31;1310.59,1002.37;1307.2,1001.59;1305.82,1007.53
7AA.65 1310.67,1002.02;1312.05,996.08;1308.66,995.29;1307.28,1001.24
7AA.67 1312.13,995.73;1313.51,989.79;1310.12,989.0;1308.74,994.95
7AA.69 1313.58,989.44;1314.96,983.5;1311.57,982.71;1310.19,988.65
7AA.71 1314.97,983.46;1316.35,977.52;1312.96,976.74;1311.58,982.68
7AA.73 1316.43,977.17;1317.81,971.23;1314.42,970.45;1313.04,976.39
7AA.75 1317.82,971.2;1319.2,965.26;1315.81,964.47;1314.43,970.41
7AA.77 1319.29,964.91;1320.67,958.97;1317.27,958.18;1315.89,964.12
7AA.79 1320.68,958.94;1322.05,952.99;1318.66,952.21;1317.28,958.15
7BA.01 1186.68,1536.42;1188.06,1530.48;1184.67,1529.7;1183.29,1535.64
7BA.03 1188.41,1528.96;1189.79,1523.02;1186.4,1522.24;1185.02,1528.18
7BA.05 1189.87,1522.67;1191.25,1516.73;1187.86,1515.94;1186.48,1521.89
7BA.07 1191.25,1516.7;1192.63,1510.76;1189.25,1509.97;1187.87,1515.91
7BA.09 1192.71,1510.41;1194.09,1504.46;1190.71,1503.68;1189.33,1509.62
7BA.11 1194.1,1504.43;1195.48,1498.49;1192.09,1497.7;1190.71,1503.65
7BA.13 1195.56,1498.14;1196.94,1492.2;1193.55,1491.41;1192.17,1497.35
7BA.15 1197.02,1491.85;1198.4,1485.91;1195.01,1485.12;1193.63,1491.06
7BA.17 1198.48,1485.56;1199.86,1479.62;1196.47,1478.83;1195.09,1484.77
7BA.19 1199.94,1479.27;1201.32,1473.33;1197.93,1472.54;1196.55,1478.48
7BA.21 1201.4,1472.98;1202.78,1467.04;1199.39,1466.25;1198.01,1472.19
7BA.23 1202.86,1466.69;1204.24,1460.74;1200.85,1459.96;1199.47,1465.9
7BA.25 1204.32,1460.4;1205.7,1454.45;1202.31,1453.67;1200.93,1459.61
7BA.27 1205.78,1454.1;1207.16,1448.16;1203.77,1447.38;1202.39,1453.32
7BA.29 1207.24,1447.81;1208.62,1441.87;1205.23,1441.09;1203.85,1447.03
7BA.31 1208.7,1441.52;1210.08,1435.58;1206.69,1434.79;1205.31,1440.74
7BA.33 1210.16,1435.23;1211.54,1429.29;1208.15,1428.5;1206.77,1434.45
7BA.35 1211.62,1428.94;1213.0,1423.0;1209.61,1422.21;1208.23,1428.15
7BA.37 1213.08,1422.65;1214.46,1416.71;1211.07,1415.92;1209.69,1421.86
7BA.39 1214.54,1416.36;1215.92,1410.42;1212.53,1409.63;1211.15,1415.57
7BA.41 1216.0,1410.07;1217.37,1404.13;1213.99,1403.34;1212.61,1409.28
7BA.43 1217.46,1403.78;1218.83,1397.84;1215.45,1397.05;1214.07,1402.99
7BA.45 1218.91,1397.49;1220.29,1391.54;1216.91,1390.76;1215.53,1396.7
7BA.47 1220.37,1391.2;1221.75,1385.25;1218.37,1384.47;1216.99,1390.41
7BA.49 1221.83,1384.91;1223.21,1378.96;1219.83,1378.18;1218.45,1384.12
7BA.51 1223.29,1378.61;1224.67,1372.67;1221.29,1371.89;1219.91,1377.83
7BA.53 1224.75,1372.32;1226.13,1366.38;1222.74,1365.59;1221.37,1371.54
7BA.55 1226.21,1366.03;1227.59,1360.09;1224.2,1359.3;1222.83,1365.25
7BA.57 1227.67,1359.74;1229.05,1353.8;1225.66,1353.01;1224.28,1358.96
7BA.59 1229.13,1353.45;1230.51,1347.51;1227.12,1346.72;1225.74,1352.66
7BA.61 1230.59,1347.16;1231.97,1341.22;1228.58,1340.43;1227.2,1346.37
7BA.63 1232.05,1340.87;1233.43,1334.93;1230.04,1334.14;1228.66,1340.08
7BA.65 1233.51,1334.58;1234.89,1328.64;1231.5,1327.85;1230.12,1333.79
7BA.67 1234.97,1328.29;1236.35,1322.35;1232.96,1321.56;1231.58,1327.5
7BA.69 1236.43,1322.0;1237.81,1316.05;1234.42,1315.27;1233.04,1321.21
7BA.71 1237.89,1315.71;1239.27,1309.76;1235.88,1308.98;1234.5,1314.92
7BA.73 1239.35,1309.42;1240.73,1303.47;1237.34,1302.69;1235.96,1308.63
7BA.75 1240.74,1303.44;1242.12,1297.5;1238.72,1296.71;1237.35,1302.65
7BA.77 1242.2,1297.15;1243.58,1291.21;1240.18,1290.42;1238.81,1296.36
7BA.79 1243.59,1291.17;1244.97,1285.23;1241.57,1284.44;1240.19,1290.39
7CA.03 1114.281,1848.583;1115.636,1842.738;1112.237,1841.95;1110.881,1847.795
7CA.05 1116.302,1839.872;1117.657,1834.027;1114.258,1833.238;1112.902,1839.083
7CA.07 1117.679,1833.933;1119.035,1828.088;1115.635,1827.3;1114.28,1833.145
7CA.09 1119.61,1825.612;1120.965,1819.767;1117.566,1818.979;1116.21,1824.824
7CA.11 1120.987,1819.674;1122.343,1813.829;1118.943,1813.041;1117.588,1818.885
7CA.13 1123.069,1810.702;1124.424,1804.857;1121.025,1804.068;1119.669,1809.913
7CA.15 1124.446,1804.763;1125.802,1798.919;1122.402,1798.13;1121.047,1803.975
7CA.17 1126.328,1796.653;1127.684,1790.808;1124.284,1790.02;1122.928,1795.865
7CA.19 1127.706,1790.715;1129.061,1784.87;1125.661,1784.082;1124.306,1789.926
7CA.21 1130.16,1780.137;1131.515,1774.292;1128.115,1773.504;1126.76,1779.348
7CA.23 1131.537,1774.199;1132.893,1768.354;1129.493,1767.565;1128.137,1773.41
7CA.25 1133.021,1767.803;1134.376,1761.958;1130.977,1761.17;1129.621,1767.014
7CA.27 1134.399,1761.865;1135.754,1756.02;1132.354,1755.231;1130.999,1761.076
7CA.29 1135.989,1755.008;1137.345,1749.163;1133.945,1748.375;1132.589,1754.219
7CA.31 1137.367,1749.07;1138.722,1743.225;1135.323,1742.436;1133.967,1748.281
7CA.33 1138.919,1742.378;1140.275,1736.534;1136.875,1735.745;1135.519,1741.59
7CA.35 1140.297,1736.44;1141.652,1730.595;1138.253,1729.807;1136.897,1735.652
7CA.37 1141.841,1729.784;1143.196,1723.939;1139.797,1723.151;1138.441,1728.996
7CA.39 1143.219,1723.846;1144.574,1718.001;1141.174,1717.212;1139.819,1723.057
7CA.41 1144.75,1717.243;1146.106,1711.398;1142.706,1710.609;1141.351,1716.454
7CA.43 1146.128,1711.304;1147.484,1705.459;1144.084,1704.671;1142.728,1710.516
7CA.45 1147.652,1704.735;1149.008,1698.891;1145.608,1698.102;1144.252,1703.947
7CA.47 1149.03,1698.797;1150.385,1692.952;1146.985,1692.164;1145.63,1698.009
7CA.49 1150.568,1692.166;1151.924,1686.321;1148.524,1685.532;1147.168,1691.377
7CA.51 1151.946,1686.227;1153.301,1680.383;1149.901,1679.594;1148.546,1685.439
7CA.53 1153.503,1679.514;1154.859,1673.669;1151.459,1672.88;1150.103,1678.725
7CA.55 1154.881,1673.575;1156.236,1667.731;1152.837,1666.942;1151.481,1672.787
7CA.57 1156.401,1667.022;1157.757,1661.177;1154.357,1660.388;1153.001,1666.233
7CA.59 1157.779,1661.083;1159.134,1655.238;1155.735,1654.45;1154.379,1660.295
7CA.61 1159.355,1654.288;1160.711,1648.443;1157.311,1647.655;1155.955,1653.5
7CA.63 1160.733,1648.35;1162.088,1642.505;1158.689,1641.716;1157.333,1647.561
7CA.65 1162.262,1641.76;1163.617,1635.916;1160.217,1635.127;1158.862,1640.972
7CA.67 1163.639,1635.822;1164.995,1629.977;1161.595,1629.189;1160.239,1635.034
7CA.69 1165.054,1629.723;1166.41,1623.878;1163.01,1623.09;1161.654,1628.935
7CA.71 1166.432,1623.785;1167.787,1617.94;1164.387,1617.152;1163.032,1622.996
8AA.07 1167.05,1181.03;1168.43,1175.08;1165.01,1174.29;1163.63,1180.23
8AA.09 1168.78,1173.57;1170.16,1167.62;1166.74,1166.83;1165.36,1172.77
8AA.11 1170.24,1167.28;1171.62,1161.33;1168.2,1160.54;1166.82,1166.48
8AA.13 1171.62,1161.3;1173.0,1155.36;1169.59,1154.57;1168.21,1160.51
8AA.15 1174.47,1149.03;1175.85,1143.09;1172.44,1142.3;1171.06,1148.24
8AA.17 1175.93,1142.74;1177.31,1136.8;1173.89,1136.01;1172.52,1141.95
8AA.19 1177.39,1136.45;1178.77,1130.51;1175.35,1129.72;1173.97,1135.66
8AA.21 1180.32,1123.87;1181.69,1117.93;1178.28,1117.14;1176.9,1123.08
8AA.23 1181.78,1117.58;1183.16,1111.64;1179.74,1110.85;1178.36,1116.79
8AA.25 1183.24,1111.29;1184.62,1105.35;1181.21,1104.56;1179.83,1110.5
8AA.27 1184.7,1105.0;1186.08,1099.06;1182.67,1098.27;1181.29,1104.21
8AA.29 1187.62,1092.42;1189.0,1086.48;1185.59,1085.68;1184.21,1091.63
8AA.31 1189.01,1086.44;1190.39,1080.5;1186.97,1079.71;1185.59,1085.65
8AA.33 1190.47,1080.15;1191.85,1074.21;1188.43,1073.42;1187.05,1079.36
8AA.35 1191.85,1074.18;1193.23,1068.24;1189.82,1067.44;1188.44,1073.39
8AA.37 1193.86,1065.55;1195.24,1059.6;1191.82,1058.81;1190.44,1064.75
8AA.39 1195.22,1059.66;1196.6,1053.72;1193.19,1052.93;1191.81,1058.87
8AA.41 1197.2,1051.15;1198.58,1045.21;1195.16,1044.42;1193.78,1050.36
8AA.43 1198.67,1044.79;1200.05,1038.84;1196.64,1038.05;1195.26,1043.99
8AA.45 1200.65,1036.28;1202.03,1030.34;1198.61,1029.54;1197.23,1035.49
8AA.47 1202.04,1030.3;1203.41,1024.36;1200.0,1023.57;1198.62,1029.51
8AA.49 1204.01,1021.8;1205.39,1015.85;1201.97,1015.06;1200.6,1021.0
8AA.51 1205.49,1015.43;1206.87,1009.49;1203.45,1008.7;1202.07,1014.64
8AA.53 1207.46,1006.92;1208.84,1000.98;1205.43,1000.19;1204.05,1006.13
8AA.55 1208.84,1000.95;1210.22,995.0;1206.82,994.22;1205.44,1000.16
8BA.01 1089.75,1513.89;1091.13,1507.95;1087.75,1507.16;1086.37,1513.11
8BA.03 1091.49,1506.43;1092.86,1500.49;1089.48,1499.7;1088.1,1505.65
8BA.05 1092.94,1500.14;1094.32,1494.2;1090.94,1493.41;1089.56,1499.36
8BA.07 1094.33,1494.17;1095.71,1488.22;1092.32,1487.44;1090.94,1493.38
8BA.09 1095.79,1487.88;1097.17,1481.93;1093.78,1481.15;1092.4,1487.09
8BA.11 1097.18,1481.9;1098.56,1475.96;1095.17,1475.17;1093.79,1481.11
8BA.13 1098.64,1475.61;1100.02,1469.67;1096.63,1468.88;1095.25,1474.82
8BA.15 1100.1,1469.32;1101.47,1463.38;1098.09,1462.59;1096.71,1468.53
8BA.17 1101.56,1463.03;1102.93,1457.08;1099.55,1456.3;1098.17,1462.24
8BA.19 1103.02,1456.74;1104.39,1450.79;1101.01,1450.01;1099.63,1455.95
8BA.21 1104.47,1450.45;1105.85,1444.5;1102.47,1443.72;1101.09,1449.66
8BA.23 1105.93,1444.15;1107.31,1438.21;1103.92,1437.43;1102.55,1443.37
8BA.25 1107.39,1437.86;1108.77,1431.92;1105.38,1431.14;1104.01,1437.08
8BA.27 1108.85,1431.57;1110.23,1425.63;1106.84,1424.84;1105.47,1430.79
8BA.29 1110.31,1425.28;1111.69,1419.34;1108.3,1418.55;1106.92,1424.5
8BA.31 1111.77,1418.99;1113.15,1413.05;1109.76,1412.26;1108.38,1418.2
8BA.33 1113.23,1412.7;1114.61,1406.76;1111.22,1405.97;1109.84,1411.91
8BA.35 1114.69,1406.41;1116.07,1400.47;1112.68,1399.68;1111.3,1405.62
8BA.37 1116.15,1400.12;1117.53,1394.18;1114.14,1393.39;1112.76,1399.33
8BA.39 1117.61,1393.83;1118.99,1387.88;1115.6,1387.1;1114.22,1393.04
8BA.41 1119.07,1387.54;1120.45,1381.59;1117.06,1380.81;1115.68,1386.75
8BA.43 1120.53,1381.25;1121.91,1375.3;1118.52,1374.52;1117.14,1380.46
8BA.45 1121.99,1374.95;1123.37,1369.01;1119.98,1368.23;1118.6,1374.17
8BA.47 1123.45,1368.66;1124.83,1362.72;1121.44,1361.94;1120.06,1367.88
8BA.49 1124.91,1362.37;1126.29,1356.43;1122.9,1355.64;1121.52,1361.59
8BA.51 1126.37,1356.08;1127.75,1350.14;1124.36,1349.35;1122.98,1355.3
8BA.53 1127.83,1349.79;1129.21,1343.85;1125.82,1343.06;1124.44,1349.0
8BA.55 1129.29,1343.5;1130.67,1337.56;1127.28,1336.77;1125.9,1342.71
8BA.57 1130.75,1337.21;1132.13,1331.27;1128.74,1330.48;1127.36,1336.42
8BA.59 1132.21,1330.92;1133.58,1324.98;1130.2,1324.19;1128.82,1330.13
8BA.61 1133.67,1324.63;1135.04,1318.68;1131.66,1317.9;1130.28,1323.84
8BA.63 1135.13,1318.34;1136.5,1312.39;1133.12,1311.61;1131.74,1317.55
8BA.65 1136.58,1312.05;1137.96,1306.1;1134.58,1305.32;1133.2,1311.26
8BA.67 1138.04,1305.75;1139.42,1299.81;1136.03,1299.03;1134.66,1304.97
8BA.69 1139.5,1299.46;1140.88,1293.52;1137.49,1292.74;1136.12,1298.68
8BA.71 1140.96,1293.17;1142.34,1287.23;1138.95,1286.44;1137.58,1292.39
8BA.73 1142.42,1286.88;1143.8,1280.94;1140.42,1280.15;1139.04,1286.1
8BA.75 1143.81,1280.91;1145.18,1274.96;1141.8,1274.18;1140.42,1280.12
8BA.77 1145.26,1274.61;1146.64,1268.67;1143.26,1267.89;1141.88,1273.83
8BA.79 1146.65,1268.64;1148.03,1262.7;1144.64,1261.91;1143.27,1267.85
8CA.01 1016.167,1831.238;1017.523,1825.393;1013.724,1824.512;1012.368,1830.357
8CA.03 1017.545,1825.3;1018.901,1819.455;1015.102,1818.574;1013.746,1824.419
8CA.05 1019.394,1817.332;1020.75,1811.487;1016.951,1810.606;1015.595,1816.451
8CA.07 1020.772,1811.394;1022.128,1805.549;1018.329,1804.668;1016.973,1810.512
8CA.09 1022.933,1802.08;1024.289,1796.235;1020.49,1795.354;1019.134,1801.199
8CA.11 1024.311,1796.141;1025.667,1790.297;1021.868,1789.415;1020.512,1795.26
8CA.13 1026.206,1787.976;1027.562,1782.131;1023.763,1781.25;1022.407,1787.094
8CA.15 1027.584,1782.037;1028.94,1776.193;1025.141,1775.311;1023.785,1781.156
8CA.17 1029.704,1772.902;1031.06,1767.057;1027.261,1766.176;1025.905,1772.02
8CA.19 1031.082,1766.963;1032.438,1761.118;1028.639,1760.237;1027.283,1766.082
8CA.21 1033.359,1757.153;1034.715,1751.308;1030.915,1750.427;1029.56,1756.271
8CA.23 1034.737,1751.214;1036.093,1745.37;1032.293,1744.488;1030.938,1750.333
8CA.25 1036.216,1744.842;1037.571,1738.997;1033.772,1738.116;1032.417,1743.96
8CA.27 1037.594,1738.903;1038.949,1733.059;1035.15,1732.177;1033.795,1738.022
8CA.29 1040.551,1726.157;1041.907,1720.313;1038.108,1719.431;1036.752,1725.276
8CA.31 1041.929,1720.219;1043.285,1714.374;1039.486,1713.493;1038.13,1719.338
8CA.33 1043.492,1713.484;1044.848,1707.639;1041.049,1706.758;1039.693,1712.603
8CA.35 1044.87,1707.546;1046.226,1701.701;1042.427,1700.82;1041.071,1706.664
8CA.37 1047.845,1694.727;1049.201,1688.882;1045.401,1688.001;1044.046,1693.846
8CA.39 1049.223,1688.789;1050.579,1682.944;1046.779,1682.063;1045.424,1687.908
8CA.41 1050.792,1682.027;1052.148,1676.182;1048.349,1675.301;1046.993,1681.146
8CA.43 1052.17,1676.089;1053.526,1670.244;1049.727,1669.363;1048.371,1675.207
8CA.45 1055.149,1663.252;1056.505,1657.407;1052.705,1656.526;1051.35,1662.371
8CA.47 1056.527,1657.314;1057.883,1651.469;1054.083,1650.588;1052.728,1656.432
8CA.49 1057.938,1651.231;1059.294,1645.386;1055.495,1644.505;1054.139,1650.35
8CA.51 1061.002,1638.031;1062.357,1632.186;1058.558,1631.305;1057.202,1637.15
8CA.53 1062.38,1632.093;1063.735,1626.248;1059.936,1625.367;1058.58,1631.212
8CA.55 1065.267,1619.649;1066.623,1613.804;1062.824,1612.923;1061.468,1618.768
8CA.57 1066.645,1613.711;1068.001,1607.866;1064.202,1606.985;1062.846,1612.83
8CA.59 1068.192,1607.047;1069.547,1601.202;1065.748,1600.321;1064.392,1606.166
8CA.61 1069.569,1601.109;1070.925,1595.264;1067.126,1594.383;1065.77,1600.228
